# golden C twolevel pops
Q 0 48 0
28868 570490892
28859 570490885
28853 570490889
28836 570490906
28818 570490911
28812 570490925
28806 570490923
28804 570490915
28799 570490898
28776 570490912
28758 570490895
28745 570490924
28707 570490897
28673 570490904
24752 570490921
24744 570490918
24736 570490882
24718 570490899
24708 570490917
24707 570490887
24705 570490888
24691 570490901
24678 570490891
24671 570490880
24668 570490922
24660 570490881
24648 570490905
24640 570490927
24628 570490910
24621 570490893
24601 570490896
24583 570490919
-28489 570490900
-28490 570490907
-28507 570490890
-28528 570490894
-28533 570490908
-28553 570490886
-32572 570490913
-32605 570490920
-32609 570490883
-32673 570490903
-32680 570490914
-32699 570490916
-32711 570490909
-32714 570490926
-32745 570490884
-32761 570490902
Q 1 48 0
19893 1538785321
19676 1538785303
18423 1538785320
18238 1538785326
15755 1538785283
15289 1538785310
10312 1538785284
9915 1538785300
9367 1538785311
9275 1538785317
7945 1538785307
7227 1538785291
6436 1538785293
6333 1538785312
6256 1538785286
6134 1538785327
5570 1538785324
5099 1538785297
3734 1538785288
2671 1538785315
2577 1538785280
2363 1538785325
44 1538785304
-508 1538785318
-1097 1538785301
-2793 1538785306
-3439 1538785292
-4588 1538785302
-4794 1538785316
-4843 1538785323
-5774 1538785313
-6947 1538785319
-7252 1538785296
-7773 1538785295
-9189 1538785305
-10159 1538785289
-10924 1538785308
-11995 1538785282
-12353 1538785299
-12905 1538785309
-13119 1538785314
-13411 1538785322
-15007 1538785287
-16116 1538785285
-17172 1538785294
-17469 1538785281
-19021 1538785298
-19894 1538785290
Q 2 48 0
30000 3513974784
28800 3513974786
27600 3513974788
26400 3513974790
25200 3513974792
24000 3513974794
22800 3513974796
21600 3513974798
20400 3513974800
19200 3513974802
18000 3513974804
16800 3513974806
15600 3513974808
14400 3513974810
13200 3513974812
12000 3513974814
10800 3513974816
9600 3513974818
8400 3513974820
7200 3513974822
6000 3513974824
4800 3513974826
3600 3513974828
2400 3513974830
880 3513974831
800 3513974829
720 3513974827
640 3513974825
560 3513974823
480 3513974821
400 3513974819
320 3513974817
240 3513974815
160 3513974813
80 3513974811
0 3513974809
-80 3513974807
-160 3513974805
-240 3513974803
-320 3513974801
-400 3513974799
-480 3513974797
-560 3513974795
-640 3513974793
-720 3513974791
-800 3513974789
-880 3513974787
-960 3513974785
Q 3 48 0
5000 1328152576
5000 1328152578
5000 1328152580
5000 1328152582
5000 1328152585
5000 1328152586
5000 1328152589
5000 1328152600
5000 1328152605
5000 1328152606
5000 1328152611
5000 1328152613
5000 1328152614
1000 1328152591
1000 1328152592
1000 1328152620
1000 1328152622
500 1328152577
500 1328152581
500 1328152583
500 1328152584
500 1328152588
500 1328152593
500 1328152596
500 1328152602
500 1328152603
500 1328152604
500 1328152607
500 1328152608
500 1328152616
500 1328152618
100 1328152579
100 1328152587
100 1328152590
100 1328152594
100 1328152595
100 1328152597
100 1328152598
100 1328152599
100 1328152601
100 1328152609
100 1328152610
100 1328152612
100 1328152615
100 1328152617
100 1328152619
100 1328152621
100 1328152623
Q 4 48 0
28864 3303342118
28848 3303342114
28821 3303342081
28780 3303342107
28772 3303342092
28755 3303342102
28744 3303342113
28733 3303342093
28723 3303342089
28717 3303342120
28711 3303342087
28704 3303342124
28703 3303342122
28698 3303342111
28682 3303342109
28681 3303342098
28676 3303342094
28676 3303342127
24771 3303342095
24766 3303342116
24710 3303342105
24690 3303342110
24674 3303342121
24672 3303342091
24641 3303342082
24607 3303342123
24597 3303342099
24576 3303342117
-28481 3303342090
-28491 3303342097
-28499 3303342080
-28509 3303342125
-28518 3303342104
-28523 3303342083
-28538 3303342108
-28555 3303342096
-28556 3303342119
-28609 3303342084
-28613 3303342086
-32576 3303342088
-32584 3303342103
-32600 3303342106
-32628 3303342100
-32682 3303342101
-32702 3303342126
-32735 3303342112
-32737 3303342085
-32751 3303342115
Q 5 48 0
19356 1117519918
19336 1117519878
18719 1117519897
17682 1117519905
17598 1117519917
15955 1117519881
10707 1117519903
9995 1117519880
9820 1117519898
9286 1117519888
8658 1117519907
6322 1117519901
5372 1117519882
5157 1117519875
4434 1117519893
4214 1117519909
4155 1117519899
3870 1117519910
3572 1117519883
3389 1117519912
-61 1117519890
-1175 1117519877
-1275 1117519914
-1337 1117519896
-4362 1117519889
-5239 1117519913
-5900 1117519879
-6656 1117519902
-7230 1117519876
-7587 1117519904
-7759 1117519873
-8176 1117519887
-10504 1117519915
-11232 1117519884
-11598 1117519892
-11618 1117519872
-11923 1117519885
-12546 1117519900
-12959 1117519911
-15966 1117519919
-16913 1117519916
-17471 1117519874
-17761 1117519895
-17866 1117519906
-17938 1117519891
-19358 1117519908
-19450 1117519886
-19608 1117519894
Q 6 48 0
30000 4166451200
28800 4166451202
27600 4166451204
26400 4166451206
25200 4166451208
24000 4166451210
22800 4166451212
21600 4166451214
20400 4166451216
19200 4166451218
18000 4166451220
16800 4166451222
15600 4166451224
14400 4166451226
13200 4166451228
12000 4166451230
10800 4166451232
9600 4166451234
8400 4166451236
7200 4166451238
6000 4166451240
4800 4166451242
3600 4166451244
2400 4166451246
880 4166451247
800 4166451245
720 4166451243
640 4166451241
560 4166451239
480 4166451237
400 4166451235
320 4166451233
240 4166451231
160 4166451229
80 4166451227
0 4166451225
-80 4166451223
-160 4166451221
-240 4166451219
-320 4166451217
-400 4166451215
-480 4166451213
-560 4166451211
-640 4166451209
-720 4166451207
-800 4166451205
-880 4166451203
-960 4166451201
Q 7 48 0
5000 1980628994
5000 1980629008
5000 1980629010
5000 1980629012
5000 1980629015
5000 1980629016
5000 1980629019
5000 1980629025
5000 1980629029
5000 1980629030
5000 1980629033
5000 1980629037
5000 1980629039
1000 1980628992
1000 1980628995
1000 1980628999
1000 1980629001
1000 1980629007
1000 1980629011
1000 1980629017
1000 1980629018
1000 1980629020
1000 1980629024
1000 1980629032
1000 1980629035
1000 1980629036
500 1980628993
500 1980628997
500 1980628998
500 1980629002
500 1980629003
500 1980629004
500 1980629005
500 1980629006
500 1980629009
500 1980629013
500 1980629014
500 1980629021
500 1980629023
500 1980629026
500 1980629027
500 1980629031
500 1980629034
500 1980629038
100 1980628996
100 1980629000
100 1980629022
100 1980629028
Q 8 48 0
28858 4022927403
28838 4022927394
28818 4022927370
28790 4022927374
28771 4022927381
28763 4022927388
28750 4022927382
28737 4022927386
28733 4022927360
28717 4022927389
28717 4022927404
24740 4022927393
24738 4022927364
24707 4022927362
24701 4022927367
24701 4022927399
24670 4022927391
24670 4022927392
24661 4022927384
24651 4022927387
24639 4022927363
24615 4022927398
24580 4022927402
24577 4022927375
-28482 4022927377
-28488 4022927396
-28493 4022927385
-28512 4022927395
-28563 4022927383
-28574 4022927376
-28575 4022927366
-28575 4022927407
-28579 4022927397
-28585 4022927373
-28614 4022927380
-28617 4022927361
-28648 4022927390
-32573 4022927372
-32595 4022927378
-32600 4022927368
-32617 4022927379
-32660 4022927400
-32668 4022927406
-32680 4022927369
-32683 4022927365
-32710 4022927371
-32759 4022927401
-32767 4022927405
Q 9 48 0
19415 1702887448
18348 1702887426
18016 1702887444
16872 1702887457
16559 1702887447
16077 1702887451
15284 1702887452
14841 1702887459
14125 1702887465
11696 1702887446
10877 1702887440
9237 1702887463
8670 1702887466
6666 1702887455
6581 1702887445
6266 1702887436
5759 1702887434
5028 1702887468
4790 1702887450
4684 1702887441
2227 1702887458
1971 1702887429
687 1702887442
-644 1702887461
-2922 1702887469
-3891 1702887453
-4257 1702887462
-6205 1702887449
-8526 1702887425
-9935 1702887428
-10334 1702887467
-10350 1702887433
-10823 1702887460
-10878 1702887432
-12279 1702887443
-12601 1702887427
-13124 1702887435
-13662 1702887431
-13721 1702887430
-14188 1702887454
-14417 1702887471
-14531 1702887439
-14862 1702887424
-16572 1702887437
-17914 1702887464
-18323 1702887456
-18354 1702887438
-18374 1702887470
Q 10 48 0
30000 3812294656
28800 3812294658
27600 3812294660
26400 3812294662
25200 3812294664
24000 3812294666
22800 3812294668
21600 3812294670
20400 3812294672
19200 3812294674
18000 3812294676
16800 3812294678
15600 3812294680
14400 3812294682
13200 3812294684
12000 3812294686
10800 3812294688
9600 3812294690
8400 3812294692
7200 3812294694
6000 3812294696
4800 3812294698
3600 3812294700
2400 3812294702
880 3812294703
800 3812294701
720 3812294699
640 3812294697
560 3812294695
480 3812294693
400 3812294691
320 3812294689
240 3812294687
160 3812294685
80 3812294683
0 3812294681
-80 3812294679
-160 3812294677
-240 3812294675
-320 3812294673
-400 3812294671
-480 3812294669
-560 3812294667
-640 3812294665
-720 3812294663
-800 3812294661
-880 3812294659
-960 3812294657
Q 11 48 0
5000 418512899
5000 418512903
5000 418512905
5000 418512918
5000 418512920
5000 418512921
5000 418512923
5000 418512925
5000 418512929
5000 418512931
5000 418512934
5000 418512937
5000 418512938
1000 418512898
1000 418512900
1000 418512906
1000 418512907
1000 418512912
1000 418512913
1000 418512924
1000 418512935
1000 418512942
500 418512896
500 418512901
500 418512902
500 418512904
500 418512914
500 418512916
500 418512919
500 418512927
500 418512932
500 418512936
500 418512940
500 418512941
500 418512943
100 418512897
100 418512908
100 418512909
100 418512910
100 418512911
100 418512915
100 418512917
100 418512922
100 418512926
100 418512928
100 418512930
100 418512933
100 418512939
Q 12 48 0
28850 2527920160
28825 2527920169
28812 2527920135
28809 2527920147
28805 2527920175
28797 2527920134
28781 2527920173
28774 2527920144
28771 2527920141
28768 2527920129
28745 2527920162
28728 2527920161
28710 2527920172
28678 2527920143
24762 2527920165
24746 2527920152
24743 2527920166
24738 2527920149
24738 2527920156
24670 2527920154
24662 2527920153
24626 2527920163
24616 2527920133
24616 2527920148
24604 2527920132
-28476 2527920131
-28477 2527920142
-28520 2527920159
-28579 2527920128
-28594 2527920164
-28596 2527920130
-28596 2527920145
-28619 2527920171
-28635 2527920158
-28665 2527920170
-28667 2527920167
-32568 2527920140
-32586 2527920157
-32598 2527920137
-32600 2527920151
-32612 2527920168
-32642 2527920138
-32644 2527920139
-32660 2527920155
-32707 2527920174
-32718 2527920150
-32721 2527920146
-32725 2527920136
Q 13 48 0
19849 207880197
18995 207880213
18211 207880234
17221 207880224
17141 207880196
14181 207880206
13385 207880237
13131 207880220
12052 207880209
9168 207880201
8986 207880229
6653 207880210
6116 207880225
5770 207880221
5618 207880203
5382 207880218
5002 207880211
3896 207880198
3504 207880238
1981 207880231
1301 207880199
-90 207880204
-926 207880228
-1033 207880193
-2039 207880216
-2179 207880205
-2824 207880232
-3029 207880236
-3571 207880214
-5245 207880239
-6450 207880230
-6581 207880235
-7207 207880219
-7378 207880208
-7561 207880226
-9163 207880223
-9953 207880194
-11170 207880233
-11222 207880222
-11249 207880200
-11884 207880192
-13280 207880227
-14533 207880217
-16094 207880202
-16551 207880195
-17095 207880212
-17250 207880215
-19377 207880207
Q 14 48 0
30000 2317287424
28800 2317287426
27600 2317287428
26400 2317287430
25200 2317287432
24000 2317287434
22800 2317287436
21600 2317287438
20400 2317287440
19200 2317287442
18000 2317287444
16800 2317287446
15600 2317287448
14400 2317287450
13200 2317287452
12000 2317287454
10800 2317287456
9600 2317287458
8400 2317287460
7200 2317287462
6000 2317287464
4800 2317287466
3600 2317287468
2400 2317287470
880 2317287471
800 2317287469
720 2317287467
640 2317287465
560 2317287463
480 2317287461
400 2317287459
320 2317287457
240 2317287455
160 2317287453
80 2317287451
0 2317287449
-80 2317287447
-160 2317287445
-240 2317287443
-320 2317287441
-400 2317287439
-480 2317287437
-560 2317287435
-640 2317287433
-720 2317287431
-800 2317287429
-880 2317287427
-960 2317287425
Q 15 48 0
5000 64356358
5000 64356359
5000 64356363
5000 64356367
5000 64356369
5000 64356372
5000 64356376
5000 64356381
5000 64356382
5000 64356386
5000 64356387
5000 64356390
5000 64356395
5000 64356397
1000 64356352
1000 64356355
1000 64356356
1000 64356360
1000 64356362
1000 64356366
1000 64356370
1000 64356373
1000 64356378
1000 64356379
1000 64356385
1000 64356389
1000 64356391
1000 64356398
500 64356361
500 64356364
500 64356368
500 64356371
500 64356377
500 64356380
500 64356383
500 64356384
500 64356393
500 64356396
500 64356399
100 64356353
100 64356354
100 64356357
100 64356365
100 64356374
100 64356375
100 64356388
100 64356392
100 64356394
Q 16 48 0
28853 3113287682
28849 3113287721
28845 3113287712
28816 3113287717
28814 3113287708
28799 3113287690
28798 3113287722
28763 3113287699
28735 3113287686
28729 3113287693
28713 3113287688
28711 3113287691
28703 3113287696
28698 3113287700
28698 3113287701
28692 3113287707
28679 3113287702
24759 3113287697
24756 3113287726
24755 3113287695
24721 3113287704
24720 3113287703
24718 3113287687
24596 3113287692
24585 3113287689
-28474 3113287719
-28475 3113287710
-28489 3113287720
-28497 3113287714
-28524 3113287694
-28532 3113287723
-28558 3113287713
-28592 3113287683
-28613 3113287716
-28635 3113287715
-28657 3113287684
-28670 3113287718
-32574 3113287681
-32606 3113287685
-32619 3113287680
-32624 3113287705
-32639 3113287725
-32662 3113287698
-32676 3113287706
-32692 3113287709
-32697 3113287711
-32743 3113287727
-32744 3113287724
Q 17 48 0
19832 927465490
18806 927465511
18704 927465477
17248 927465508
16968 927465483
16414 927465491
15944 927465472
15076 927465516
14739 927465474
14094 927465481
13941 927465514
13051 927465498
12091 927465479
10706 927465480
9894 927465475
8385 927465500
8352 927465513
8127 927465489
7244 927465510
5765 927465495
5205 927465501
4606 927465492
4020 927465504
596 927465519
41 927465499
-835 927465517
-1191 927465512
-1853 927465507
-2768 927465486
-3739 927465478
-5047 927465518
-6724 927465494
-7553 927465476
-7764 927465505
-9372 927465487
-10112 927465502
-11074 927465484
-11736 927465503
-12991 927465485
-13323 927465509
-13592 927465488
-15449 927465493
-16309 927465497
-16968 927465473
-17177 927465496
-17858 927465515
-18237 927465506
-19771 927465482
Q 18 48 0
30000 2902654976
28800 2902654978
27600 2902654980
26400 2902654982
25200 2902654984
24000 2902654986
22800 2902654988
21600 2902654990
20400 2902654992
19200 2902654994
18000 2902654996
16800 2902654998
15600 2902655000
14400 2902655002
13200 2902655004
12000 2902655006
10800 2902655008
9600 2902655010
8400 2902655012
7200 2902655014
6000 2902655016
4800 2902655018
3600 2902655020
2400 2902655022
880 2902655023
800 2902655021
720 2902655019
640 2902655017
560 2902655015
480 2902655013
400 2902655011
320 2902655009
240 2902655007
160 2902655005
80 2902655003
0 2902655001
-80 2902654999
-160 2902654997
-240 2902654995
-320 2902654993
-400 2902654991
-480 2902654989
-560 2902654987
-640 2902654985
-720 2902654983
-800 2902654981
-880 2902654979
-960 2902654977
Q 19 48 0
5000 716832770
5000 716832775
5000 716832788
5000 716832789
5000 716832792
5000 716832794
5000 716832796
5000 716832800
5000 716832802
5000 716832810
1000 716832777
1000 716832778
1000 716832782
1000 716832786
1000 716832804
1000 716832805
1000 716832809
500 716832771
500 716832773
500 716832776
500 716832780
500 716832781
500 716832783
500 716832784
500 716832787
500 716832790
500 716832791
500 716832793
500 716832795
500 716832797
500 716832798
500 716832799
500 716832806
500 716832811
500 716832813
500 716832815
100 716832768
100 716832769
100 716832772
100 716832774
100 716832779
100 716832785
100 716832801
100 716832803
100 716832807
100 716832808
100 716832812
100 716832814
Q 20 48 0
28871 2692022306
28859 2692022301
28854 2692022288
28838 2692022303
28835 2692022312
28815 2692022317
28805 2692022310
28804 2692022279
28792 2692022309
28766 2692022295
28751 2692022318
28742 2692022285
28736 2692022284
28707 2692022275
28682 2692022298
28674 2692022307
24772 2692022291
24750 2692022293
24733 2692022290
24687 2692022278
24683 2692022287
24682 2692022289
24654 2692022300
24642 2692022296
24634 2692022316
24632 2692022276
24608 2692022282
24596 2692022314
-28474 2692022273
-28489 2692022274
-28504 2692022292
-28506 2692022304
-28524 2692022313
-28550 2692022272
-28578 2692022281
-28591 2692022280
-28618 2692022283
-28625 2692022308
-28641 2692022311
-28645 2692022302
-28658 2692022305
-28671 2692022294
-32585 2692022297
-32588 2692022286
-32610 2692022299
-32638 2692022315
-32735 2692022319
-32754 2692022277
Q 21 48 0
17671 3727425537
17657 3727425574
16587 3727425538
15609 3727425577
14976 3727425581
14810 3727425569
14734 3727425554
14546 3727425560
13882 3727425555
13255 3727425547
11307 3727425571
10755 3727425579
10630 3727425578
10284 3727425541
7992 3727425551
7006 3727425565
6763 3727425567
6638 3727425572
5710 3727425552
2835 3727425544
2428 3727425563
852 3727425573
411 3727425559
33 3727425558
-55 3727425540
-980 3727425545
-1392 3727425556
-2239 3727425536
-2822 3727425580
-4003 3727425549
-6805 3727425575
-7722 3727425543
-8553 3727425550
-9280 3727425568
-11063 3727425562
-11392 3727425576
-12124 3727425542
-12642 3727425546
-13757 3727425564
-14262 3727425570
-14460 3727425557
-15788 3727425561
-16812 3727425548
-17723 3727425539
-17747 3727425566
-18086 3727425553
-18834 3727425582
-19354 3727425583
Q 22 48 0
30000 1474756608
28800 1474756610
27600 1474756612
26400 1474756614
25200 1474756616
24000 1474756618
22800 1474756620
21600 1474756622
20400 1474756624
19200 1474756626
18000 1474756628
16800 1474756630
15600 1474756632
14400 1474756634
13200 1474756636
12000 1474756638
10800 1474756640
9600 1474756642
8400 1474756644
7200 1474756646
6000 1474756648
4800 1474756650
3600 1474756652
2400 1474756654
880 1474756655
800 1474756653
720 1474756651
640 1474756649
560 1474756647
480 1474756645
400 1474756643
320 1474756641
240 1474756639
160 1474756637
80 1474756635
0 1474756633
-80 1474756631
-160 1474756629
-240 1474756627
-320 1474756625
-400 1474756623
-480 1474756621
-560 1474756619
-640 1474756617
-720 1474756615
-800 1474756613
-880 1474756611
-960 1474756609
Q 23 48 0
5000 3449683971
5000 3449683973
5000 3449683977
5000 3449683979
5000 3449683981
5000 3449683982
5000 3449683987
5000 3449683990
5000 3449683995
5000 3449684007
5000 3449684011
5000 3449684013
5000 3449684015
1000 3449683968
1000 3449683970
1000 3449683972
1000 3449683976
1000 3449683984
1000 3449683986
1000 3449683989
1000 3449683992
1000 3449683994
1000 3449683996
1000 3449683997
1000 3449683998
1000 3449684002
1000 3449684004
1000 3449684014
500 3449683974
500 3449683975
500 3449683978
500 3449683980
500 3449683983
500 3449683999
500 3449684000
500 3449684001
500 3449684003
500 3449684005
500 3449684008
500 3449684009
100 3449683969
100 3449683985
100 3449683988
100 3449683991
100 3449683993
100 3449684006
100 3449684010
100 3449684012
Q 24 48 0
28870 1264123930
28808 1264123937
28754 1264123915
28742 1264123912
28729 1264123933
28726 1264123942
28708 1264123910
28697 1264123918
24720 1264123947
24708 1264123914
24688 1264123904
24681 1264123919
24681 1264123940
24679 1264123920
24662 1264123926
24632 1264123950
24620 1264123935
24602 1264123911
-28476 1264123931
-28476 1264123934
-28502 1264123939
-28508 1264123948
-28511 1264123908
-28526 1264123951
-28531 1264123928
-28553 1264123932
-28553 1264123946
-28569 1264123944
-28580 1264123936
-28594 1264123906
-28609 1264123927
-28620 1264123916
-28635 1264123929
-28642 1264123938
-28657 1264123921
-32615 1264123917
-32654 1264123941
-32673 1264123913
-32700 1264123924
-32706 1264123943
-32708 1264123907
-32710 1264123925
-32728 1264123905
-32730 1264123945
-32740 1264123922
-32759 1264123923
-32766 1264123909
-32768 1264123949
Q 25 48 0
19987 3239051289
19403 3239051291
19155 3239051269
18348 3239051300
18245 3239051302
17745 3239051286
17558 3239051270
17009 3239051280
16799 3239051288
14291 3239051293
13547 3239051306
13354 3239051279
9423 3239051285
8336 3239051290
7848 3239051267
7817 3239051309
6766 3239051287
6096 3239051297
5509 3239051276
5316 3239051268
3828 3239051303
3304 3239051273
959 3239051266
538 3239051277
-278 3239051271
-1511 3239051307
-2479 3239051283
-3507 3239051274
-4433 3239051304
-5644 3239051310
-6271 3239051284
-6758 3239051275
-8459 3239051264
-8539 3239051308
-10680 3239051311
-10890 3239051305
-10928 3239051265
-12044 3239051301
-12606 3239051272
-13185 3239051292
-14675 3239051295
-15613 3239051298
-16930 3239051282
-16960 3239051299
-17466 3239051278
-18689 3239051281
-19051 3239051294
-19937 3239051296
Q 26 48 0
30000 2127233024
28800 2127233026
27600 2127233028
26400 2127233030
25200 2127233032
24000 2127233034
22800 2127233036
21600 2127233038
20400 2127233040
19200 2127233042
18000 2127233044
16800 2127233046
15600 2127233048
14400 2127233050
13200 2127233052
12000 2127233054
10800 2127233056
9600 2127233058
8400 2127233060
7200 2127233062
6000 2127233064
4800 2127233066
3600 2127233068
2400 2127233070
880 2127233071
800 2127233069
720 2127233067
640 2127233065
560 2127233063
480 2127233061
400 2127233059
320 2127233057
240 2127233055
160 2127233053
80 2127233051
0 2127233049
-80 2127233047
-160 2127233045
-240 2127233043
-320 2127233041
-400 2127233039
-480 2127233037
-560 2127233035
-640 2127233033
-720 2127233031
-800 2127233029
-880 2127233027
-960 2127233025
Q 27 48 0
5000 4102160387
5000 4102160388
5000 4102160390
5000 4102160394
5000 4102160395
5000 4102160400
5000 4102160403
5000 4102160406
5000 4102160407
5000 4102160412
5000 4102160422
5000 4102160425
5000 4102160426
5000 4102160428
1000 4102160385
1000 4102160389
1000 4102160398
1000 4102160401
1000 4102160411
1000 4102160416
1000 4102160418
1000 4102160421
1000 4102160423
1000 4102160427
1000 4102160429
1000 4102160430
1000 4102160431
500 4102160384
500 4102160386
500 4102160393
500 4102160397
500 4102160399
500 4102160408
500 4102160410
500 4102160420
100 4102160391
100 4102160392
100 4102160396
100 4102160402
100 4102160404
100 4102160405
100 4102160409
100 4102160413
100 4102160414
100 4102160415
100 4102160417
100 4102160419
100 4102160424
Q 28 48 0
28858 1916600325
28844 1916600354
28756 1916600328
28747 1916600337
28734 1916600340
28715 1916600320
28707 1916600346
28693 1916600362
28689 1916600329
24771 1916600356
24765 1916600344
24761 1916600327
24755 1916600355
24737 1916600321
24735 1916600360
24730 1916600353
24694 1916600330
24690 1916600365
24666 1916600363
24663 1916600347
24659 1916600364
24587 1916600351
-28484 1916600359
-28514 1916600358
-28515 1916600335
-28528 1916600324
-28558 1916600336
-28567 1916600332
-28574 1916600352
-28595 1916600343
-28598 1916600341
-28611 1916600367
-28634 1916600342
-28640 1916600323
-28658 1916600331
-32574 1916600357
-32589 1916600361
-32594 1916600349
-32595 1916600339
-32600 1916600338
-32617 1916600322
-32638 1916600326
-32673 1916600333
-32695 1916600350
-32714 1916600348
-32731 1916600366
-32732 1916600334
-32752 1916600345
Q 29 48 0
19902 3958636556
19621 3958636555
18294 3958636546
17951 3958636567
17829 3958636554
17432 3958636561
17388 3958636566
17314 3958636576
15983 3958636559
15339 3958636547
14861 3958636577
13827 3958636550
12618 3958636571
11675 3958636588
11515 3958636572
11458 3958636557
11449 3958636587
10941 3958636544
10717 3958636580
8974 3958636582
8522 3958636558
7354 3958636584
6860 3958636551
6242 3958636545
5426 3958636569
4593 3958636586
2644 3958636574
1811 3958636549
601 3958636552
-2182 3958636591
-2335 3958636562
-2957 3958636548
-7456 3958636579
-7761 3958636585
-9729 3958636560
-9805 3958636553
-12086 3958636578
-12312 3958636565
-16181 3958636570
-16345 3958636564
-16636 3958636589
-18984 3958636581
-19116 3958636583
-19505 3958636568
-19638 3958636575
-19670 3958636573
-19929 3958636590
-19983 3958636563
Q 30 48 0
30000 1638858752
28800 1638858754
27600 1638858756
26400 1638858758
25200 1638858760
24000 1638858762
22800 1638858764
21600 1638858766
20400 1638858768
19200 1638858770
18000 1638858772
16800 1638858774
15600 1638858776
14400 1638858778
13200 1638858780
12000 1638858782
10800 1638858784
9600 1638858786
8400 1638858788
7200 1638858790
6000 1638858792
4800 1638858794
3600 1638858796
2400 1638858798
880 1638858799
800 1638858797
720 1638858795
640 1638858793
560 1638858791
480 1638858789
400 1638858787
320 1638858785
240 1638858783
160 1638858781
80 1638858779
0 1638858777
-80 1638858775
-160 1638858773
-240 1638858771
-320 1638858769
-400 1638858767
-480 1638858765
-560 1638858763
-640 1638858761
-720 1638858759
-800 1638858757
-880 1638858755
-960 1638858753
Q 31 48 0
5000 2674262024
5000 2674262034
5000 2674262039
5000 2674262041
5000 2674262044
5000 2674262047
5000 2674262048
5000 2674262051
5000 2674262060
5000 2674262062
1000 2674262029
1000 2674262033
1000 2674262040
1000 2674262042
1000 2674262043
1000 2674262052
1000 2674262054
1000 2674262057
1000 2674262063
500 2674262016
500 2674262017
500 2674262018
500 2674262019
500 2674262020
500 2674262021
500 2674262030
500 2674262036
500 2674262038
500 2674262046
500 2674262049
500 2674262050
500 2674262053
500 2674262058
100 2674262022
100 2674262023
100 2674262025
100 2674262026
100 2674262027
100 2674262028
100 2674262031
100 2674262032
100 2674262035
100 2674262037
100 2674262045
100 2674262055
100 2674262056
100 2674262059
100 2674262061
Q 32 48 0
28841 354484247
28838 354484240
28833 354484271
28816 354484243
28806 354484249
28784 354484244
28752 354484262
28746 354484230
28678 354484261
28672 354484237
24772 354484257
24763 354484248
24762 354484245
24755 354484229
24725 354484258
24697 354484224
24696 354484250
24667 354484266
24663 354484260
24640 354484270
24628 354484227
24591 354484246
24585 354484231
-28475 354484252
-28498 354484238
-28500 354484234
-28516 354484235
-28528 354484242
-28534 354484228
-28542 354484226
-28559 354484259
-28560 354484264
-28595 354484265
-28599 354484268
-28628 354484269
-28629 354484254
-28646 354484239
-32578 354484251
-32589 354484255
-32608 354484267
-32630 354484232
-32634 354484253
-32706 354484233
-32709 354484225
-32709 354484241
-32723 354484256
-32734 354484263
-32745 354484236
Q 33 48 0
19866 2463629313
18910 2463629321
18427 2463629357
18116 2463629331
17858 2463629333
17653 2463629322
17216 2463629315
16445 2463629345
16127 2463629346
14158 2463629338
13664 2463629358
12402 2463629349
11084 2463629334
10843 2463629339
10747 2463629353
10104 2463629323
9217 2463629326
8251 2463629352
7318 2463629329
7263 2463629342
6745 2463629332
6268 2463629356
5724 2463629347
3914 2463629350
1389 2463629336
-506 2463629328
-866 2463629319
-1078 2463629359
-1493 2463629341
-1724 2463629351
-2103 2463629337
-2432 2463629354
-3105 2463629325
-3544 2463629330
-6672 2463629355
-8605 2463629327
-9847 2463629348
-11126 2463629316
-11136 2463629324
-11662 2463629314
-11921 2463629344
-12562 2463629320
-13082 2463629317
-13675 2463629312
-13833 2463629343
-14044 2463629318
-15201 2463629340
-15226 2463629335
Q 34 48 0
30000 143851520
28800 143851522
27600 143851524
26400 143851526
25200 143851528
24000 143851530
22800 143851532
21600 143851534
20400 143851536
19200 143851538
18000 143851540
16800 143851542
15600 143851544
14400 143851546
13200 143851548
12000 143851550
10800 143851552
9600 143851554
8400 143851556
7200 143851558
6000 143851560
4800 143851562
3600 143851564
2400 143851566
880 143851567
800 143851565
720 143851563
640 143851561
560 143851559
480 143851557
400 143851555
320 143851553
240 143851551
160 143851549
80 143851547
0 143851545
-80 143851543
-160 143851541
-240 143851539
-320 143851537
-400 143851535
-480 143851533
-560 143851531
-640 143851529
-720 143851527
-800 143851525
-880 143851523
-960 143851521
Q 35 48 0
5000 2252996623
5000 2252996625
5000 2252996635
5000 2252996644
5000 2252996647
5000 2252996651
5000 2252996654
1000 2252996608
1000 2252996613
1000 2252996614
1000 2252996618
1000 2252996621
1000 2252996624
1000 2252996629
1000 2252996631
1000 2252996632
1000 2252996636
1000 2252996638
1000 2252996642
1000 2252996649
500 2252996609
500 2252996612
500 2252996615
500 2252996619
500 2252996626
500 2252996627
500 2252996628
500 2252996630
500 2252996639
500 2252996643
500 2252996645
500 2252996648
500 2252996650
500 2252996652
100 2252996610
100 2252996611
100 2252996616
100 2252996617
100 2252996620
100 2252996622
100 2252996633
100 2252996634
100 2252996637
100 2252996640
100 2252996641
100 2252996646
100 2252996653
100 2252996655
Q 36 48 0
28813 1006960679
28769 1006960655
28760 1006960667
28733 1006960641
28732 1006960656
28727 1006960663
28687 1006960681
28686 1006960666
24756 1006960647
24756 1006960657
24746 1006960642
24731 1006960652
24723 1006960662
24713 1006960677
24710 1006960686
24692 1006960680
24682 1006960646
24640 1006960653
24638 1006960685
24635 1006960649
24602 1006960668
24594 1006960650
24577 1006960648
-28478 1006960654
-28487 1006960640
-28490 1006960665
-28497 1006960687
-28519 1006960645
-28534 1006960683
-28557 1006960674
-28640 1006960661
-28640 1006960673
-28664 1006960651
-32586 1006960672
-32592 1006960684
-32596 1006960676
-32610 1006960675
-32616 1006960658
-32630 1006960669
-32640 1006960660
-32689 1006960682
-32715 1006960644
-32720 1006960671
-32728 1006960664
-32737 1006960643
-32737 1006960659
-32754 1006960670
-32757 1006960678
Q 37 48 0
19602 3048996875
17889 3048996882
15818 3048996894
14140 3048996898
13990 3048996885
13058 3048996864
12236 3048996890
11629 3048996883
9369 3048996899
8731 3048996876
7950 3048996866
7649 3048996904
6321 3048996873
6238 3048996879
6087 3048996903
2542 3048996905
2106 3048996910
977 3048996881
434 3048996874
-2126 3048996869
-2803 3048996871
-3440 3048996877
-3579 3048996880
-4765 3048996907
-4982 3048996893
-5784 3048996870
-6543 3048996865
-7360 3048996901
-7671 3048996908
-8927 3048996895
-9020 3048996884
-10173 3048996886
-10617 3048996902
-10996 3048996872
-11074 3048996900
-12186 3048996867
-12251 3048996888
-12794 3048996887
-12843 3048996897
-12875 3048996896
-13894 3048996878
-14287 3048996911
-14650 3048996891
-15828 3048996909
-17138 3048996892
-17189 3048996868
-18481 3048996906
-19640 3048996889
Q 38 48 0
30000 863436800
28800 863436802
27600 863436804
26400 863436806
25200 863436808
24000 863436810
22800 863436812
21600 863436814
20400 863436816
19200 863436818
18000 863436820
16800 863436822
15600 863436824
14400 863436826
13200 863436828
12000 863436830
10800 863436832
9600 863436834
8400 863436836
7200 863436838
6000 863436840
4800 863436842
3600 863436844
2400 863436846
880 863436847
800 863436845
720 863436843
640 863436841
560 863436839
480 863436837
400 863436835
320 863436833
240 863436831
160 863436829
80 863436827
0 863436825
-80 863436823
-160 863436821
-240 863436819
-320 863436817
-400 863436815
-480 863436813
-560 863436811
-640 863436809
-720 863436807
-800 863436805
-880 863436803
-960 863436801
Q 39 48 0
5000 2838364161
5000 2838364162
5000 2838364164
5000 2838364165
5000 2838364171
5000 2838364182
5000 2838364186
5000 2838364192
5000 2838364194
5000 2838364196
5000 2838364198
5000 2838364201
5000 2838364206
1000 2838364160
1000 2838364163
1000 2838364168
1000 2838364172
1000 2838364177
1000 2838364179
1000 2838364180
1000 2838364183
1000 2838364188
1000 2838364189
1000 2838364190
1000 2838364193
1000 2838364199
1000 2838364202
1000 2838364205
1000 2838364207
500 2838364169
500 2838364173
500 2838364176
500 2838364178
500 2838364181
500 2838364184
500 2838364197
500 2838364200
500 2838364203
500 2838364204
100 2838364166
100 2838364167
100 2838364170
100 2838364174
100 2838364175
100 2838364185
100 2838364187
100 2838364191
100 2838364195
Q 40 48 0
28865 652804096
28850 652804117
28847 652804129
28807 652804114
28793 652804120
28746 652804140
28737 652804138
28719 652804119
24768 652804143
24762 652804126
24761 652804125
24749 652804135
24734 652804108
24690 652804110
24690 652804112
24688 652804115
24686 652804131
24665 652804124
24622 652804102
24620 652804137
24616 652804116
24597 652804121
24594 652804130
-28508 652804139
-28527 652804132
-28569 652804097
-28574 652804142
-28578 652804134
-28584 652804104
-28587 652804113
-28592 652804100
-28594 652804107
-28595 652804109
-28649 652804136
-28669 652804099
-28670 652804128
-32570 652804111
-32591 652804133
-32598 652804141
-32643 652804105
-32648 652804123
-32676 652804127
-32692 652804098
-32702 652804118
-32707 652804103
-32710 652804122
-32712 652804106
-32748 652804101
Q 41 48 0
19715 1553989654
16345 1553989670
16335 1553989647
14919 1553989672
12044 1553989675
10468 1553989679
10386 1553989643
9778 1553989642
8981 1553989637
8777 1553989646
8531 1553989634
7992 1553989663
7951 1553989659
5948 1553989638
4726 1553989653
3100 1553989652
1770 1553989677
1687 1553989639
460 1553989668
309 1553989656
-1263 1553989651
-1424 1553989632
-2568 1553989633
-2677 1553989650
-3404 1553989674
-4646 1553989641
-7943 1553989676
-8251 1553989648
-8257 1553989657
-9274 1553989644
-9326 1553989662
-9812 1553989660
-10620 1553989667
-11662 1553989665
-11860 1553989671
-12050 1553989658
-12545 1553989635
-13189 1553989655
-15051 1553989673
-15106 1553989678
-15193 1553989661
-15406 1553989664
-16642 1553989645
-16809 1553989666
-16954 1553989649
-17941 1553989640
-18420 1553989669
-19578 1553989636
Q 42 48 0
30000 3663396864
28800 3663396866
27600 3663396868
26400 3663396870
25200 3663396872
24000 3663396874
22800 3663396876
21600 3663396878
20400 3663396880
19200 3663396882
18000 3663396884
16800 3663396886
15600 3663396888
14400 3663396890
13200 3663396892
12000 3663396894
10800 3663396896
9600 3663396898
8400 3663396900
7200 3663396902
6000 3663396904
4800 3663396906
3600 3663396908
2400 3663396910
880 3663396911
800 3663396909
720 3663396907
640 3663396905
560 3663396903
480 3663396901
400 3663396899
320 3663396897
240 3663396895
160 3663396893
80 3663396891
0 3663396889
-80 3663396887
-160 3663396885
-240 3663396883
-320 3663396881
-400 3663396879
-480 3663396877
-560 3663396875
-640 3663396873
-720 3663396871
-800 3663396869
-880 3663396867
-960 3663396865
Q 43 48 0
5000 1343356929
5000 1343356936
5000 1343356939
5000 1343356942
5000 1343356944
5000 1343356945
5000 1343356952
5000 1343356958
5000 1343356964
5000 1343356968
5000 1343356970
5000 1343356971
5000 1343356975
1000 1343356928
1000 1343356930
1000 1343356938
1000 1343356941
1000 1343356943
1000 1343356946
1000 1343356948
1000 1343356954
1000 1343356955
1000 1343356956
1000 1343356961
1000 1343356966
1000 1343356967
1000 1343356973
500 1343356940
500 1343356957
500 1343356960
500 1343356962
500 1343356963
500 1343356965
500 1343356974
100 1343356931
100 1343356932
100 1343356933
100 1343356934
100 1343356935
100 1343356937
100 1343356947
100 1343356949
100 1343356950
100 1343356951
100 1343356953
100 1343356959
100 1343356969
100 1343356972
Q 44 48 0
28862 3385655313
28856 3385655340
28847 3385655324
28843 3385655306
28837 3385655334
28836 3385655319
28827 3385655341
28809 3385655296
28795 3385655335
28778 3385655343
28775 3385655300
28761 3385655339
28739 3385655308
28739 3385655331
28723 3385655329
28714 3385655315
28692 3385655297
28681 3385655337
28677 3385655321
28676 3385655302
24758 3385655317
24749 3385655318
24746 3385655311
24728 3385655327
24692 3385655338
24672 3385655336
24635 3385655330
24589 3385655310
24583 3385655298
-28497 3385655328
-28504 3385655320
-28524 3385655316
-28528 3385655322
-28558 3385655333
-28562 3385655323
-28566 3385655326
-28617 3385655342
-28621 3385655309
-28632 3385655332
-28665 3385655312
-28666 3385655307
-32574 3385655301
-32576 3385655299
-32595 3385655305
-32623 3385655303
-32705 3385655314
-32717 3385655304
-32737 3385655325
Q 45 48 0
17668 1199833088
17444 1199833096
17398 1199833104
16982 1199833089
16978 1199833130
16840 1199833108
16177 1199833117
15897 1199833105
15699 1199833129
15697 1199833133
13281 1199833110
11496 1199833111
11180 1199833131
9867 1199833097
8539 1199833102
7474 1199833099
7331 1199833119
5947 1199833098
5370 1199833121
5184 1199833091
5081 1199833123
4645 1199833107
2634 1199833120
1700 1199833124
-428 1199833100
-1523 1199833126
-3439 1199833109
-3694 1199833092
-3757 1199833134
-4146 1199833115
-5149 1199833103
-6163 1199833135
-6768 1199833128
-8209 1199833114
-10185 1199833101
-11517 1199833127
-12015 1199833132
-12755 1199833118
-13065 1199833112
-14324 1199833122
-15123 1199833106
-15535 1199833093
-16485 1199833095
-16569 1199833113
-16759 1199833094
-18974 1199833116
-18991 1199833125
-19929 1199833090
Q 46 48 0
30000 4248764416
28800 4248764418
27600 4248764420
26400 4248764422
25200 4248764424
24000 4248764426
22800 4248764428
21600 4248764430
20400 4248764432
19200 4248764434
18000 4248764436
16800 4248764438
15600 4248764440
14400 4248764442
13200 4248764444
12000 4248764446
10800 4248764448
9600 4248764450
8400 4248764452
7200 4248764454
6000 4248764456
4800 4248764458
3600 4248764460
2400 4248764462
880 4248764463
800 4248764461
720 4248764459
640 4248764457
560 4248764455
480 4248764453
400 4248764451
320 4248764449
240 4248764447
160 4248764445
80 4248764443
0 4248764441
-80 4248764439
-160 4248764437
-240 4248764435
-320 4248764433
-400 4248764431
-480 4248764429
-560 4248764427
-640 4248764425
-720 4248764423
-800 4248764421
-880 4248764419
-960 4248764417
Q 47 48 0
5000 2062942209
5000 2062942210
5000 2062942213
5000 2062942233
5000 2062942238
5000 2062942253
5000 2062942254
1000 2062942217
1000 2062942218
1000 2062942220
1000 2062942223
1000 2062942225
1000 2062942228
1000 2062942229
1000 2062942231
1000 2062942235
1000 2062942237
1000 2062942240
1000 2062942242
1000 2062942243
1000 2062942244
500 2062942215
500 2062942221
500 2062942224
500 2062942236
500 2062942241
500 2062942245
500 2062942247
500 2062942248
500 2062942250
500 2062942251
100 2062942208
100 2062942211
100 2062942212
100 2062942214
100 2062942216
100 2062942219
100 2062942222
100 2062942226
100 2062942227
100 2062942230
100 2062942232
100 2062942234
100 2062942239
100 2062942246
100 2062942249
100 2062942252
100 2062942255
Q 48 48 0
28827 4038131747
28823 4038131725
28782 4038131756
28776 4038131748
28760 4038131750
28743 4038131735
28699 4038131737
28698 4038131752
24776 4038131712
24752 4038131715
24722 4038131741
24708 4038131746
24695 4038131734
24681 4038131757
24649 4038131719
24635 4038131759
24628 4038131714
24593 4038131723
-28500 4038131720
-28514 4038131724
-28533 4038131713
-28556 4038131739
-28564 4038131742
-28579 4038131755
-28603 4038131744
-28615 4038131731
-28628 4038131726
-28631 4038131721
-28632 4038131718
-28649 4038131729
-32576 4038131738
-32584 4038131733
-32587 4038131745
-32592 4038131730
-32596 4038131717
-32606 4038131736
-32607 4038131758
-32635 4038131751
-32648 4038131753
-32648 4038131754
-32658 4038131749
-32667 4038131740
-32682 4038131722
-32696 4038131727
-32708 4038131743
-32718 4038131716
-32740 4038131728
-32749 4038131732
Q 49 48 0
18740 1852309550
18611 1852309539
17652 1852309523
17375 1852309535
17007 1852309514
15650 1852309519
13980 1852309511
13816 1852309538
12356 1852309549
12351 1852309508
12351 1852309530
11442 1852309517
11297 1852309505
10776 1852309520
10343 1852309528
9578 1852309504
8654 1852309531
8261 1852309546
5583 1852309522
5308 1852309521
4045 1852309547
3706 1852309548
2495 1852309510
1219 1852309525
-710 1852309551
-864 1852309541
-1102 1852309544
-3052 1852309537
-3188 1852309524
-3975 1852309536
-5476 1852309527
-6455 1852309533
-6757 1852309543
-8320 1852309545
-8626 1852309507
-9358 1852309516
-10181 1852309534
-11837 1852309518
-12534 1852309515
-12881 1852309540
-14155 1852309512
-14328 1852309506
-14906 1852309509
-17023 1852309529
-17235 1852309542
-19226 1852309532
-19495 1852309526
-19815 1852309513
Q 50 48 0
30000 3827499008
28800 3827499010
27600 3827499012
26400 3827499014
25200 3827499016
24000 3827499018
22800 3827499020
21600 3827499022
20400 3827499024
19200 3827499026
18000 3827499028
16800 3827499030
15600 3827499032
14400 3827499034
13200 3827499036
12000 3827499038
10800 3827499040
9600 3827499042
8400 3827499044
7200 3827499046
6000 3827499048
4800 3827499050
3600 3827499052
2400 3827499054
880 3827499055
800 3827499053
720 3827499051
640 3827499049
560 3827499047
480 3827499045
400 3827499043
320 3827499041
240 3827499039
160 3827499037
80 3827499035
0 3827499033
-80 3827499031
-160 3827499029
-240 3827499027
-320 3827499025
-400 3827499023
-480 3827499021
-560 3827499019
-640 3827499017
-720 3827499015
-800 3827499013
-880 3827499011
-960 3827499009
Q 51 48 0
5000 500826112
5000 500826114
5000 500826117
5000 500826118
5000 500826121
5000 500826132
5000 500826135
5000 500826143
5000 500826147
5000 500826148
5000 500826149
5000 500826152
5000 500826158
1000 500826115
1000 500826120
1000 500826123
1000 500826124
1000 500826127
1000 500826129
1000 500826130
1000 500826137
1000 500826138
1000 500826139
1000 500826140
1000 500826144
1000 500826145
1000 500826146
1000 500826153
1000 500826159
500 500826119
500 500826128
500 500826131
500 500826141
500 500826142
500 500826150
500 500826156
100 500826113
100 500826116
100 500826122
100 500826125
100 500826126
100 500826133
100 500826134
100 500826136
100 500826151
100 500826154
100 500826155
100 500826157
Q 52 48 0
28844 2610233374
28840 2610233373
28825 2610233345
28820 2610233355
28796 2610233349
28792 2610233364
28791 2610233367
28753 2610233384
24769 2610233363
24764 2610233361
24764 2610233385
24739 2610233360
24726 2610233388
24715 2610233362
24678 2610233366
24664 2610233389
24658 2610233378
24613 2610233369
24596 2610233387
-28475 2610233354
-28479 2610233372
-28503 2610233386
-28515 2610233356
-28548 2610233368
-28549 2610233351
-28550 2610233352
-28551 2610233346
-28573 2610233370
-28589 2610233377
-28596 2610233381
-28598 2610233382
-28611 2610233391
-28624 2610233357
-28626 2610233347
-28629 2610233375
-28666 2610233359
-28669 2610233344
-28671 2610233380
-32573 2610233365
-32589 2610233383
-32641 2610233371
-32647 2610233348
-32651 2610233379
-32660 2610233376
-32724 2610233390
-32744 2610233358
-32750 2610233350
-32768 2610233353
Q 53 48 0
19891 290193444
19480 290193430
18790 290193409
18573 290193408
18399 290193440
16531 290193432
14908 290193438
13842 290193434
13638 290193454
13027 290193413
12795 290193436
12674 290193445
11890 290193442
11268 290193433
10879 290193415
10294 290193451
9146 290193453
9064 290193418
8616 290193428
8155 290193429
8092 290193447
7228 290193443
5847 290193448
5777 290193446
4150 290193425
2053 290193435
391 290193441
298 290193455
-1715 290193449
-2783 290193417
-3077 290193437
-4279 290193431
-5873 290193410
-6431 290193450
-7681 290193414
-8170 290193426
-8980 290193416
-9181 290193439
-11469 290193421
-12594 290193419
-13550 290193423
-13764 290193427
-13979 290193422
-14526 290193411
-15392 290193452
-15917 290193412
-16995 290193424
-19000 290193420
Q 54 48 0
30000 2399600640
28800 2399600642
27600 2399600644
26400 2399600646
25200 2399600648
24000 2399600650
22800 2399600652
21600 2399600654
20400 2399600656
19200 2399600658
18000 2399600660
16800 2399600662
15600 2399600664
14400 2399600666
13200 2399600668
12000 2399600670
10800 2399600672
9600 2399600674
8400 2399600676
7200 2399600678
6000 2399600680
4800 2399600682
3600 2399600684
2400 2399600686
880 2399600687
800 2399600685
720 2399600683
640 2399600681
560 2399600679
480 2399600677
400 2399600675
320 2399600673
240 2399600671
160 2399600669
80 2399600667
0 2399600665
-80 2399600663
-160 2399600661
-240 2399600659
-320 2399600657
-400 2399600655
-480 2399600653
-560 2399600651
-640 2399600649
-720 2399600647
-800 2399600645
-880 2399600643
-960 2399600641
Q 55 48 0
5000 79560709
5000 79560711
5000 79560715
5000 79560716
5000 79560720
5000 79560722
5000 79560723
5000 79560724
5000 79560729
5000 79560736
5000 79560739
5000 79560743
5000 79560748
1000 79560712
1000 79560718
1000 79560721
1000 79560727
1000 79560731
1000 79560732
1000 79560734
1000 79560738
1000 79560741
1000 79560744
1000 79560745
1000 79560747
1000 79560751
500 79560704
500 79560705
500 79560706
500 79560707
500 79560708
500 79560714
500 79560719
500 79560728
500 79560730
500 79560742
500 79560746
500 79560750
100 79560710
100 79560713
100 79560717
100 79560725
100 79560726
100 79560733
100 79560735
100 79560737
100 79560740
100 79560749
Q 56 48 0
28849 2188967954
28847 2188967953
28816 2188967937
28783 2188967952
28773 2188967938
28741 2188967977
28729 2188967939
28728 2188967944
28717 2188967960
24760 2188967965
24691 2188967980
24684 2188967941
24684 2188967970
24657 2188967945
24655 2188967961
24640 2188967949
24640 2188967950
24638 2188967982
24631 2188967963
24627 2188967947
24609 2188967940
24609 2188967972
24589 2188967946
-28473 2188967957
-28494 2188967956
-28543 2188967983
-28561 2188967964
-28562 2188967979
-28583 2188967973
-28594 2188967968
-28603 2188967971
-28630 2188967942
-28644 2188967962
-28644 2188967974
-32570 2188967976
-32574 2188967969
-32576 2188967959
-32612 2188967966
-32631 2188967978
-32633 2188967958
-32656 2188967975
-32683 2188967936
-32717 2188967955
-32722 2188967943
-32727 2188967967
-32731 2188967948
-32738 2188967981
-32742 2188967951
Q 57 48 0
19807 942669847
19661 942669832
19410 942669825
18828 942669852
18465 942669829
18311 942669849
17773 942669864
16406 942669863
15708 942669867
15520 942669858
14984 942669827
14869 942669826
14401 942669853
13000 942669824
11640 942669835
11036 942669860
10611 942669870
9678 942669865
9603 942669833
9497 942669845
9314 942669857
7493 942669862
6697 942669848
6354 942669828
6232 942669838
3840 942669840
2060 942669837
779 942669850
-191 942669834
-1082 942669854
-1836 942669830
-2545 942669871
-4221 942669851
-8333 942669844
-9220 942669866
-9287 942669843
-9984 942669841
-10755 942669842
-10785 942669839
-13583 942669836
-14490 942669861
-16042 942669831
-16445 942669846
-17975 942669856
-18201 942669859
-19412 942669855
-19726 942669869
-19974 942669868
Q 58 48 0
30000 2984968192
28800 2984968194
27600 2984968196
26400 2984968198
25200 2984968200
24000 2984968202
22800 2984968204
21600 2984968206
20400 2984968208
19200 2984968210
18000 2984968212
16800 2984968214
15600 2984968216
14400 2984968218
13200 2984968220
12000 2984968222
10800 2984968224
9600 2984968226
8400 2984968228
7200 2984968230
6000 2984968232
4800 2984968234
3600 2984968236
2400 2984968238
880 2984968239
800 2984968237
720 2984968235
640 2984968233
560 2984968231
480 2984968229
400 2984968227
320 2984968225
240 2984968223
160 2984968221
80 2984968219
0 2984968217
-80 2984968215
-160 2984968213
-240 2984968211
-320 2984968209
-400 2984968207
-480 2984968205
-560 2984968203
-640 2984968201
-720 2984968199
-800 2984968197
-880 2984968195
-960 2984968193
Q 59 48 0
5000 799145984
5000 799145990
5000 799145992
5000 799145994
5000 799145995
5000 799145996
5000 799146004
5000 799146005
5000 799146006
5000 799146018
5000 799146022
5000 799146024
1000 799145985
1000 799145987
1000 799145988
1000 799145989
1000 799145997
1000 799146001
1000 799146003
1000 799146007
1000 799146008
1000 799146009
1000 799146011
1000 799146015
1000 799146017
1000 799146019
1000 799146030
500 799145986
500 799145998
500 799146000
500 799146002
500 799146012
500 799146013
500 799146016
500 799146020
500 799146023
500 799146027
500 799146028
500 799146029
100 799145991
100 799145993
100 799145999
100 799146010
100 799146014
100 799146021
100 799146025
100 799146026
100 799146031
Q 60 48 0
28853 2774335528
28815 2774335518
28807 2774335526
28768 2774335521
28741 2774335514
28725 2774335501
28725 2774335529
28716 2774335516
28697 2774335530
28691 2774335504
24766 2774335493
24712 2774335491
24696 2774335507
24689 2774335535
24685 2774335512
24677 2774335500
24671 2774335495
24644 2774335532
24628 2774335505
24624 2774335520
24620 2774335497
24614 2774335531
24601 2774335533
-28473 2774335499
-28489 2774335525
-28567 2774335515
-28577 2774335506
-28577 2774335513
-28582 2774335511
-28623 2774335508
-28630 2774335524
-28644 2774335488
-28665 2774335509
-28666 2774335517
-28672 2774335502
-32585 2774335494
-32586 2774335503
-32587 2774335523
-32589 2774335489
-32612 2774335534
-32619 2774335498
-32625 2774335519
-32647 2774335527
-32677 2774335492
-32693 2774335522
-32748 2774335510
-32759 2774335490
-32760 2774335496
Q 61 48 0
19291 588513307
18697 588513304
16619 588513300
16492 588513326
16134 588513315
15011 588513290
14039 588513310
12740 588513295
11921 588513319
10790 588513305
10733 588513308
10601 588513327
9792 588513286
9725 588513325
9252 588513318
8947 588513283
8786 588513303
5046 588513296
4137 588513312
3879 588513320
1870 588513289
1781 588513317
-354 588513311
-2583 588513316
-3056 588513284
-4464 588513293
-4585 588513321
-6148 588513298
-6269 588513306
-7202 588513323
-7678 588513324
-11106 588513285
-11243 588513280
-11305 588513313
-12022 588513309
-12975 588513322
-13238 588513299
-14396 588513287
-15345 588513282
-15609 588513302
-16107 588513292
-16440 588513291
-16682 588513294
-16879 588513301
-17195 588513288
-17709 588513314
-18459 588513297
-19827 588513281
Q 62 48 0
30000 1489960960
28800 1489960962
27600 1489960964
26400 1489960966
25200 1489960968
24000 1489960970
22800 1489960972
21600 1489960974
20400 1489960976
19200 1489960978
18000 1489960980
16800 1489960982
15600 1489960984
14400 1489960986
13200 1489960988
12000 1489960990
10800 1489960992
9600 1489960994
8400 1489960996
7200 1489960998
6000 1489961000
4800 1489961002
3600 1489961004
2400 1489961006
880 1489961007
800 1489961005
720 1489961003
640 1489961001
560 1489960999
480 1489960997
400 1489960995
320 1489960993
240 1489960991
160 1489960989
80 1489960987
0 1489960985
-80 1489960983
-160 1489960981
-240 1489960979
-320 1489960977
-400 1489960975
-480 1489960973
-560 1489960971
-640 1489960969
-720 1489960967
-800 1489960965
-880 1489960963
-960 1489960961
Q 63 48 0
5000 3599106054
5000 3599106062
5000 3599106063
5000 3599106065
5000 3599106074
5000 3599106086
5000 3599106087
5000 3599106089
5000 3599106094
1000 3599106051
1000 3599106052
1000 3599106053
1000 3599106055
1000 3599106056
1000 3599106058
1000 3599106061
1000 3599106064
1000 3599106071
1000 3599106072
1000 3599106073
1000 3599106077
1000 3599106080
1000 3599106082
1000 3599106084
1000 3599106090
1000 3599106091
1000 3599106092
1000 3599106093
1000 3599106095
500 3599106048
500 3599106050
500 3599106057
500 3599106060
500 3599106076
500 3599106081
500 3599106085
500 3599106088
100 3599106049
100 3599106059
100 3599106066
100 3599106067
100 3599106068
100 3599106069
100 3599106070
100 3599106075
100 3599106078
100 3599106079
100 3599106083
