# MASTER_SEED=0xF5022201 N_QUERIES=64 PUSHES=48 CAP=64
Q 0 0xF5022201 48
24671 570490880
24660 570490881
24736 570490882
-32609 570490883
-32745 570490884
28859 570490885
-28553 570490886
24707 570490887
24705 570490888
28853 570490889
-28507 570490890
24678 570490891
28868 570490892
24621 570490893
-28528 570490894
28758 570490895
24601 570490896
28707 570490897
28799 570490898
24718 570490899
-28489 570490900
24691 570490901
-32761 570490902
-32673 570490903
28673 570490904
24648 570490905
28836 570490906
-28490 570490907
-28533 570490908
-32711 570490909
24628 570490910
28818 570490911
28776 570490912
-32572 570490913
-32680 570490914
28804 570490915
-32699 570490916
24708 570490917
24744 570490918
24583 570490919
-32605 570490920
24752 570490921
24668 570490922
28806 570490923
28745 570490924
28812 570490925
-32714 570490926
24640 570490927
Q 1 0x6B355BB8 48
2577 1538785280
-17469 1538785281
-11995 1538785282
15755 1538785283
10312 1538785284
-16116 1538785285
6256 1538785286
-15007 1538785287
3734 1538785288
-10159 1538785289
-19894 1538785290
7227 1538785291
-3439 1538785292
6436 1538785293
-17172 1538785294
-7773 1538785295
-7252 1538785296
5099 1538785297
-19021 1538785298
-12353 1538785299
9915 1538785300
-1097 1538785301
-4588 1538785302
19676 1538785303
44 1538785304
-9189 1538785305
-2793 1538785306
7945 1538785307
-10924 1538785308
-12905 1538785309
15289 1538785310
9367 1538785311
6333 1538785312
-5774 1538785313
-13119 1538785314
2671 1538785315
-4794 1538785316
9275 1538785317
-508 1538785318
-6947 1538785319
18423 1538785320
19893 1538785321
-13411 1538785322
-4843 1538785323
5570 1538785324
2363 1538785325
18238 1538785326
6134 1538785327
Q 2 0xC96CD173 48
30000 3513974784
-960 3513974785
28800 3513974786
-880 3513974787
27600 3513974788
-800 3513974789
26400 3513974790
-720 3513974791
25200 3513974792
-640 3513974793
24000 3513974794
-560 3513974795
22800 3513974796
-480 3513974797
21600 3513974798
-400 3513974799
20400 3513974800
-320 3513974801
19200 3513974802
-240 3513974803
18000 3513974804
-160 3513974805
16800 3513974806
-80 3513974807
15600 3513974808
0 3513974809
14400 3513974810
80 3513974811
13200 3513974812
160 3513974813
12000 3513974814
240 3513974815
10800 3513974816
320 3513974817
9600 3513974818
400 3513974819
8400 3513974820
480 3513974821
7200 3513974822
560 3513974823
6000 3513974824
640 3513974825
4800 3513974826
720 3513974827
3600 3513974828
800 3513974829
2400 3513974830
880 3513974831
Q 3 0x2FA44F2A 48
5000 1328152576
500 1328152577
5000 1328152578
100 1328152579
5000 1328152580
500 1328152581
5000 1328152582
500 1328152583
500 1328152584
5000 1328152585
5000 1328152586
100 1328152587
500 1328152588
5000 1328152589
100 1328152590
1000 1328152591
1000 1328152592
500 1328152593
100 1328152594
100 1328152595
500 1328152596
100 1328152597
100 1328152598
100 1328152599
5000 1328152600
100 1328152601
500 1328152602
500 1328152603
500 1328152604
5000 1328152605
5000 1328152606
500 1328152607
500 1328152608
100 1328152609
100 1328152610
5000 1328152611
100 1328152612
5000 1328152613
5000 1328152614
100 1328152615
500 1328152616
100 1328152617
500 1328152618
100 1328152619
1000 1328152620
100 1328152621
1000 1328152622
100 1328152623
Q 4 0x8DDFC4E5 48
-28499 3303342080
28821 3303342081
24641 3303342082
-28523 3303342083
-28609 3303342084
-32737 3303342085
-28613 3303342086
28711 3303342087
-32576 3303342088
28723 3303342089
-28481 3303342090
24672 3303342091
28772 3303342092
28733 3303342093
28676 3303342094
24771 3303342095
-28555 3303342096
-28491 3303342097
28681 3303342098
24597 3303342099
-32628 3303342100
-32682 3303342101
28755 3303342102
-32584 3303342103
-28518 3303342104
24710 3303342105
-32600 3303342106
28780 3303342107
-28538 3303342108
28682 3303342109
24690 3303342110
28698 3303342111
-32735 3303342112
28744 3303342113
28848 3303342114
-32751 3303342115
24766 3303342116
24576 3303342117
28864 3303342118
-28556 3303342119
28717 3303342120
24674 3303342121
28703 3303342122
24607 3303342123
28704 3303342124
-28509 3303342125
-32702 3303342126
28676 3303342127
Q 5 0xE217429C 48
-11618 1117519872
-7759 1117519873
-17471 1117519874
5157 1117519875
-7230 1117519876
-1175 1117519877
19336 1117519878
-5900 1117519879
9995 1117519880
15955 1117519881
5372 1117519882
3572 1117519883
-11232 1117519884
-11923 1117519885
-19450 1117519886
-8176 1117519887
9286 1117519888
-4362 1117519889
-61 1117519890
-17938 1117519891
-11598 1117519892
4434 1117519893
-19608 1117519894
-17761 1117519895
-1337 1117519896
18719 1117519897
9820 1117519898
4155 1117519899
-12546 1117519900
6322 1117519901
-6656 1117519902
10707 1117519903
-7587 1117519904
17682 1117519905
-17866 1117519906
8658 1117519907
-19358 1117519908
4214 1117519909
3870 1117519910
-12959 1117519911
3389 1117519912
-5239 1117519913
-1275 1117519914
-10504 1117519915
-16913 1117519916
17598 1117519917
19356 1117519918
-15966 1117519919
Q 6 0x404EF857 48
30000 4166451200
-960 4166451201
28800 4166451202
-880 4166451203
27600 4166451204
-800 4166451205
26400 4166451206
-720 4166451207
25200 4166451208
-640 4166451209
24000 4166451210
-560 4166451211
22800 4166451212
-480 4166451213
21600 4166451214
-400 4166451215
20400 4166451216
-320 4166451217
19200 4166451218
-240 4166451219
18000 4166451220
-160 4166451221
16800 4166451222
-80 4166451223
15600 4166451224
0 4166451225
14400 4166451226
80 4166451227
13200 4166451228
160 4166451229
12000 4166451230
240 4166451231
10800 4166451232
320 4166451233
9600 4166451234
400 4166451235
8400 4166451236
480 4166451237
7200 4166451238
560 4166451239
6000 4166451240
640 4166451241
4800 4166451242
720 4166451243
3600 4166451244
800 4166451245
2400 4166451246
880 4166451247
Q 7 0xA686760E 48
1000 1980628992
500 1980628993
5000 1980628994
1000 1980628995
100 1980628996
500 1980628997
500 1980628998
1000 1980628999
100 1980629000
1000 1980629001
500 1980629002
500 1980629003
500 1980629004
500 1980629005
500 1980629006
1000 1980629007
5000 1980629008
500 1980629009
5000 1980629010
1000 1980629011
5000 1980629012
500 1980629013
500 1980629014
5000 1980629015
5000 1980629016
1000 1980629017
1000 1980629018
5000 1980629019
1000 1980629020
500 1980629021
100 1980629022
500 1980629023
1000 1980629024
5000 1980629025
500 1980629026
500 1980629027
100 1980629028
5000 1980629029
5000 1980629030
500 1980629031
1000 1980629032
5000 1980629033
500 1980629034
1000 1980629035
1000 1980629036
5000 1980629037
500 1980629038
5000 1980629039
Q 8 0x04B9EFC9 48
28733 4022927360
-28617 4022927361
24707 4022927362
24639 4022927363
24738 4022927364
-32683 4022927365
-28575 4022927366
24701 4022927367
-32600 4022927368
-32680 4022927369
28818 4022927370
-32710 4022927371
-32573 4022927372
-28585 4022927373
28790 4022927374
24577 4022927375
-28574 4022927376
-28482 4022927377
-32595 4022927378
-32617 4022927379
-28614 4022927380
28771 4022927381
28750 4022927382
-28563 4022927383
24661 4022927384
-28493 4022927385
28737 4022927386
24651 4022927387
28763 4022927388
28717 4022927389
-28648 4022927390
24670 4022927391
24670 4022927392
24740 4022927393
28838 4022927394
-28512 4022927395
-28488 4022927396
-28579 4022927397
24615 4022927398
24701 4022927399
-32660 4022927400
-32759 4022927401
24580 4022927402
28858 4022927403
28717 4022927404
-32767 4022927405
-32668 4022927406
-28575 4022927407
Q 9 0x7AF16580 48
-14862 1702887424
-8526 1702887425
18348 1702887426
-12601 1702887427
-9935 1702887428
1971 1702887429
-13721 1702887430
-13662 1702887431
-10878 1702887432
-10350 1702887433
5759 1702887434
-13124 1702887435
6266 1702887436
-16572 1702887437
-18354 1702887438
-14531 1702887439
10877 1702887440
4684 1702887441
687 1702887442
-12279 1702887443
18016 1702887444
6581 1702887445
11696 1702887446
16559 1702887447
19415 1702887448
-6205 1702887449
4790 1702887450
16077 1702887451
15284 1702887452
-3891 1702887453
-14188 1702887454
6666 1702887455
-18323 1702887456
16872 1702887457
2227 1702887458
14841 1702887459
-10823 1702887460
-644 1702887461
-4257 1702887462
9237 1702887463
-17914 1702887464
14125 1702887465
8670 1702887466
-10334 1702887467
5028 1702887468
-2922 1702887469
-18374 1702887470
-14417 1702887471
Q 10 0xDB28E33B 48
30000 3812294656
-960 3812294657
28800 3812294658
-880 3812294659
27600 3812294660
-800 3812294661
26400 3812294662
-720 3812294663
25200 3812294664
-640 3812294665
24000 3812294666
-560 3812294667
22800 3812294668
-480 3812294669
21600 3812294670
-400 3812294671
20400 3812294672
-320 3812294673
19200 3812294674
-240 3812294675
18000 3812294676
-160 3812294677
16800 3812294678
-80 3812294679
15600 3812294680
0 3812294681
14400 3812294682
80 3812294683
13200 3812294684
160 3812294685
12000 3812294686
240 3812294687
10800 3812294688
320 3812294689
9600 3812294690
400 3812294691
8400 3812294692
480 3812294693
7200 3812294694
560 3812294695
6000 3812294696
640 3812294697
4800 3812294698
720 3812294699
3600 3812294700
800 3812294701
2400 3812294702
880 3812294703
Q 11 0x396018F2 48
500 418512896
100 418512897
1000 418512898
5000 418512899
1000 418512900
500 418512901
500 418512902
5000 418512903
500 418512904
5000 418512905
1000 418512906
1000 418512907
100 418512908
100 418512909
100 418512910
100 418512911
1000 418512912
1000 418512913
500 418512914
100 418512915
500 418512916
100 418512917
5000 418512918
500 418512919
5000 418512920
5000 418512921
100 418512922
5000 418512923
1000 418512924
5000 418512925
100 418512926
500 418512927
100 418512928
5000 418512929
100 418512930
5000 418512931
500 418512932
100 418512933
5000 418512934
1000 418512935
500 418512936
5000 418512937
5000 418512938
100 418512939
500 418512940
500 418512941
1000 418512942
500 418512943
Q 12 0x9F9B96AD 48
-28579 2527920128
28768 2527920129
-28596 2527920130
-28476 2527920131
24604 2527920132
24616 2527920133
28797 2527920134
28812 2527920135
-32725 2527920136
-32598 2527920137
-32642 2527920138
-32644 2527920139
-32568 2527920140
28771 2527920141
-28477 2527920142
28678 2527920143
28774 2527920144
-28596 2527920145
-32721 2527920146
28809 2527920147
24616 2527920148
24738 2527920149
-32718 2527920150
-32600 2527920151
24746 2527920152
24662 2527920153
24670 2527920154
-32660 2527920155
24738 2527920156
-32586 2527920157
-28635 2527920158
-28520 2527920159
28850 2527920160
28728 2527920161
28745 2527920162
24626 2527920163
-28594 2527920164
24762 2527920165
24743 2527920166
-28667 2527920167
-32612 2527920168
28825 2527920169
-28665 2527920170
-28619 2527920171
28710 2527920172
28781 2527920173
-32707 2527920174
28805 2527920175
Q 13 0xFDD30C64 48
-11884 207880192
-1033 207880193
-9953 207880194
-16551 207880195
17141 207880196
19849 207880197
3896 207880198
1301 207880199
-11249 207880200
9168 207880201
-16094 207880202
5618 207880203
-90 207880204
-2179 207880205
14181 207880206
-19377 207880207
-7378 207880208
12052 207880209
6653 207880210
5002 207880211
-17095 207880212
18995 207880213
-3571 207880214
-17250 207880215
-2039 207880216
-14533 207880217
5382 207880218
-7207 207880219
13131 207880220
5770 207880221
-11222 207880222
-9163 207880223
17221 207880224
6116 207880225
-7561 207880226
-13280 207880227
-926 207880228
8986 207880229
-6450 207880230
1981 207880231
-2824 207880232
-11170 207880233
18211 207880234
-6581 207880235
-3029 207880236
13385 207880237
3504 207880238
-5245 207880239
Q 14 0x520A8A1F 48
30000 2317287424
-960 2317287425
28800 2317287426
-880 2317287427
27600 2317287428
-800 2317287429
26400 2317287430
-720 2317287431
25200 2317287432
-640 2317287433
24000 2317287434
-560 2317287435
22800 2317287436
-480 2317287437
21600 2317287438
-400 2317287439
20400 2317287440
-320 2317287441
19200 2317287442
-240 2317287443
18000 2317287444
-160 2317287445
16800 2317287446
-80 2317287447
15600 2317287448
0 2317287449
14400 2317287450
80 2317287451
13200 2317287452
160 2317287453
12000 2317287454
240 2317287455
10800 2317287456
320 2317287457
9600 2317287458
400 2317287459
8400 2317287460
480 2317287461
7200 2317287462
560 2317287463
6000 2317287464
640 2317287465
4800 2317287466
720 2317287467
3600 2317287468
800 2317287469
2400 2317287470
880 2317287471
Q 15 0xB04203D6 48
1000 64356352
100 64356353
100 64356354
1000 64356355
1000 64356356
100 64356357
5000 64356358
5000 64356359
1000 64356360
500 64356361
1000 64356362
5000 64356363
500 64356364
100 64356365
1000 64356366
5000 64356367
500 64356368
5000 64356369
1000 64356370
500 64356371
5000 64356372
1000 64356373
100 64356374
100 64356375
5000 64356376
500 64356377
1000 64356378
1000 64356379
500 64356380
5000 64356381
5000 64356382
500 64356383
500 64356384
1000 64356385
5000 64356386
5000 64356387
100 64356388
1000 64356389
5000 64356390
1000 64356391
100 64356392
500 64356393
100 64356394
5000 64356395
500 64356396
5000 64356397
1000 64356398
500 64356399
Q 16 0x1675B991 48
-32619 3113287680
-32574 3113287681
28853 3113287682
-28592 3113287683
-28657 3113287684
-32606 3113287685
28735 3113287686
24718 3113287687
28713 3113287688
24585 3113287689
28799 3113287690
28711 3113287691
24596 3113287692
28729 3113287693
-28524 3113287694
24755 3113287695
28703 3113287696
24759 3113287697
-32662 3113287698
28763 3113287699
28698 3113287700
28698 3113287701
28679 3113287702
24720 3113287703
24721 3113287704
-32624 3113287705
-32676 3113287706
28692 3113287707
28814 3113287708
-32692 3113287709
-28475 3113287710
-32697 3113287711
28845 3113287712
-28558 3113287713
-28497 3113287714
-28635 3113287715
-28613 3113287716
28816 3113287717
-28670 3113287718
-28474 3113287719
-28489 3113287720
28849 3113287721
28798 3113287722
-28532 3113287723
-32744 3113287724
-32639 3113287725
24756 3113287726
-32743 3113287727
Q 17 0x74AD3748 48
15944 927465472
-16968 927465473
14739 927465474
9894 927465475
-7553 927465476
18704 927465477
-3739 927465478
12091 927465479
10706 927465480
14094 927465481
-19771 927465482
16968 927465483
-11074 927465484
-12991 927465485
-2768 927465486
-9372 927465487
-13592 927465488
8127 927465489
19832 927465490
16414 927465491
4606 927465492
-15449 927465493
-6724 927465494
5765 927465495
-17177 927465496
-16309 927465497
13051 927465498
41 927465499
8385 927465500
5205 927465501
-10112 927465502
-11736 927465503
4020 927465504
-7764 927465505
-18237 927465506
-1853 927465507
17248 927465508
-13323 927465509
7244 927465510
18806 927465511
-1191 927465512
8352 927465513
13941 927465514
-17858 927465515
15076 927465516
-835 927465517
-5047 927465518
596 927465519
Q 18 0xEAE4AD03 48
30000 2902654976
-960 2902654977
28800 2902654978
-880 2902654979
27600 2902654980
-800 2902654981
26400 2902654982
-720 2902654983
25200 2902654984
-640 2902654985
24000 2902654986
-560 2902654987
22800 2902654988
-480 2902654989
21600 2902654990
-400 2902654991
20400 2902654992
-320 2902654993
19200 2902654994
-240 2902654995
18000 2902654996
-160 2902654997
16800 2902654998
-80 2902654999
15600 2902655000
0 2902655001
14400 2902655002
80 2902655003
13200 2902655004
160 2902655005
12000 2902655006
240 2902655007
10800 2902655008
320 2902655009
9600 2902655010
400 2902655011
8400 2902655012
480 2902655013
7200 2902655014
560 2902655015
6000 2902655016
640 2902655017
4800 2902655018
720 2902655019
3600 2902655020
800 2902655021
2400 2902655022
880 2902655023
Q 19 0x4B1C2ABA 48
100 716832768
100 716832769
5000 716832770
500 716832771
100 716832772
500 716832773
100 716832774
5000 716832775
500 716832776
1000 716832777
1000 716832778
100 716832779
500 716832780
500 716832781
1000 716832782
500 716832783
500 716832784
100 716832785
1000 716832786
500 716832787
5000 716832788
5000 716832789
500 716832790
500 716832791
5000 716832792
500 716832793
5000 716832794
500 716832795
5000 716832796
500 716832797
500 716832798
500 716832799
5000 716832800
100 716832801
5000 716832802
100 716832803
1000 716832804
1000 716832805
500 716832806
100 716832807
100 716832808
1000 716832809
5000 716832810
500 716832811
100 716832812
500 716832813
100 716832814
500 716832815
Q 20 0xA957A075 48
-28550 2692022272
-28474 2692022273
-28489 2692022274
28707 2692022275
24632 2692022276
-32754 2692022277
24687 2692022278
28804 2692022279
-28591 2692022280
-28578 2692022281
24608 2692022282
-28618 2692022283
28736 2692022284
28742 2692022285
-32588 2692022286
24683 2692022287
28854 2692022288
24682 2692022289
24733 2692022290
24772 2692022291
-28504 2692022292
24750 2692022293
-28671 2692022294
28766 2692022295
24642 2692022296
-32585 2692022297
28682 2692022298
-32610 2692022299
24654 2692022300
28859 2692022301
-28645 2692022302
28838 2692022303
-28506 2692022304
-28658 2692022305
28871 2692022306
28674 2692022307
-28625 2692022308
28792 2692022309
28805 2692022310
-28641 2692022311
28835 2692022312
-28524 2692022313
24596 2692022314
-32638 2692022315
24634 2692022316
28815 2692022317
28751 2692022318
-32735 2692022319
Q 21 0x0F8EDE2C 48
-2239 3727425536
17671 3727425537
16587 3727425538
-17723 3727425539
-55 3727425540
10284 3727425541
-12124 3727425542
-7722 3727425543
2835 3727425544
-980 3727425545
-12642 3727425546
13255 3727425547
-16812 3727425548
-4003 3727425549
-8553 3727425550
7992 3727425551
5710 3727425552
-18086 3727425553
14734 3727425554
13882 3727425555
-1392 3727425556
-14460 3727425557
33 3727425558
411 3727425559
14546 3727425560
-15788 3727425561
-11063 3727425562
2428 3727425563
-13757 3727425564
7006 3727425565
-17747 3727425566
6763 3727425567
-9280 3727425568
14810 3727425569
-14262 3727425570
11307 3727425571
6638 3727425572
852 3727425573
17657 3727425574
-6805 3727425575
-11392 3727425576
15609 3727425577
10630 3727425578
10755 3727425579
-2822 3727425580
14976 3727425581
-18834 3727425582
-19354 3727425583
Q 22 0x6DC657E7 48
30000 1474756608
-960 1474756609
28800 1474756610
-880 1474756611
27600 1474756612
-800 1474756613
26400 1474756614
-720 1474756615
25200 1474756616
-640 1474756617
24000 1474756618
-560 1474756619
22800 1474756620
-480 1474756621
21600 1474756622
-400 1474756623
20400 1474756624
-320 1474756625
19200 1474756626
-240 1474756627
18000 1474756628
-160 1474756629
16800 1474756630
-80 1474756631
15600 1474756632
0 1474756633
14400 1474756634
80 1474756635
13200 1474756636
160 1474756637
12000 1474756638
240 1474756639
10800 1474756640
320 1474756641
9600 1474756642
400 1474756643
8400 1474756644
480 1474756645
7200 1474756646
560 1474756647
6000 1474756648
640 1474756649
4800 1474756650
720 1474756651
3600 1474756652
800 1474756653
2400 1474756654
880 1474756655
Q 23 0xC3F9CD9E 48
1000 3449683968
100 3449683969
1000 3449683970
5000 3449683971
1000 3449683972
5000 3449683973
500 3449683974
500 3449683975
1000 3449683976
5000 3449683977
500 3449683978
5000 3449683979
500 3449683980
5000 3449683981
5000 3449683982
500 3449683983
1000 3449683984
100 3449683985
1000 3449683986
5000 3449683987
100 3449683988
1000 3449683989
5000 3449683990
100 3449683991
1000 3449683992
100 3449683993
1000 3449683994
5000 3449683995
1000 3449683996
1000 3449683997
1000 3449683998
500 3449683999
500 3449684000
500 3449684001
1000 3449684002
500 3449684003
1000 3449684004
500 3449684005
100 3449684006
5000 3449684007
500 3449684008
500 3449684009
100 3449684010
5000 3449684011
100 3449684012
5000 3449684013
1000 3449684014
5000 3449684015
Q 24 0x20314B59 48
24688 1264123904
-32728 1264123905
-28594 1264123906
-32708 1264123907
-28511 1264123908
-32766 1264123909
28708 1264123910
24602 1264123911
28742 1264123912
-32673 1264123913
24708 1264123914
28754 1264123915
-28620 1264123916
-32615 1264123917
28697 1264123918
24681 1264123919
24679 1264123920
-28657 1264123921
-32740 1264123922
-32759 1264123923
-32700 1264123924
-32710 1264123925
24662 1264123926
-28609 1264123927
-28531 1264123928
-28635 1264123929
28870 1264123930
-28476 1264123931
-28553 1264123932
28729 1264123933
-28476 1264123934
24620 1264123935
-28580 1264123936
28808 1264123937
-28642 1264123938
-28502 1264123939
24681 1264123940
-32654 1264123941
28726 1264123942
-32706 1264123943
-28569 1264123944
-32730 1264123945
-28553 1264123946
24720 1264123947
-28508 1264123948
-32768 1264123949
24632 1264123950
-28526 1264123951
Q 25 0x8668C110 48
-8459 3239051264
-10928 3239051265
959 3239051266
7848 3239051267
5316 3239051268
19155 3239051269
17558 3239051270
-278 3239051271
-12606 3239051272
3304 3239051273
-3507 3239051274
-6758 3239051275
5509 3239051276
538 3239051277
-17466 3239051278
13354 3239051279
17009 3239051280
-18689 3239051281
-16930 3239051282
-2479 3239051283
-6271 3239051284
9423 3239051285
17745 3239051286
6766 3239051287
16799 3239051288
19987 3239051289
8336 3239051290
19403 3239051291
-13185 3239051292
14291 3239051293
-19051 3239051294
-14675 3239051295
-19937 3239051296
6096 3239051297
-15613 3239051298
-16960 3239051299
18348 3239051300
-12044 3239051301
18245 3239051302
3828 3239051303
-4433 3239051304
-10890 3239051305
13547 3239051306
-1511 3239051307
-8539 3239051308
7817 3239051309
-5644 3239051310
-10680 3239051311
Q 26 0xE4A07ECB 48
30000 2127233024
-960 2127233025
28800 2127233026
-880 2127233027
27600 2127233028
-800 2127233029
26400 2127233030
-720 2127233031
25200 2127233032
-640 2127233033
24000 2127233034
-560 2127233035
22800 2127233036
-480 2127233037
21600 2127233038
-400 2127233039
20400 2127233040
-320 2127233041
19200 2127233042
-240 2127233043
18000 2127233044
-160 2127233045
16800 2127233046
-80 2127233047
15600 2127233048
0 2127233049
14400 2127233050
80 2127233051
13200 2127233052
160 2127233053
12000 2127233054
240 2127233055
10800 2127233056
320 2127233057
9600 2127233058
400 2127233059
8400 2127233060
480 2127233061
7200 2127233062
560 2127233063
6000 2127233064
640 2127233065
4800 2127233066
720 2127233067
3600 2127233068
800 2127233069
2400 2127233070
880 2127233071
Q 27 0x5ADBF482 48
500 4102160384
1000 4102160385
500 4102160386
5000 4102160387
5000 4102160388
1000 4102160389
5000 4102160390
100 4102160391
100 4102160392
500 4102160393
5000 4102160394
5000 4102160395
100 4102160396
500 4102160397
1000 4102160398
500 4102160399
5000 4102160400
1000 4102160401
100 4102160402
5000 4102160403
100 4102160404
100 4102160405
5000 4102160406
5000 4102160407
500 4102160408
100 4102160409
500 4102160410
1000 4102160411
5000 4102160412
100 4102160413
100 4102160414
100 4102160415
1000 4102160416
100 4102160417
1000 4102160418
100 4102160419
500 4102160420
1000 4102160421
5000 4102160422
1000 4102160423
100 4102160424
5000 4102160425
5000 4102160426
1000 4102160427
5000 4102160428
1000 4102160429
1000 4102160430
1000 4102160431
Q 28 0xBB13723D 48
28715 1916600320
24737 1916600321
-32617 1916600322
-28640 1916600323
-28528 1916600324
28858 1916600325
-32638 1916600326
24761 1916600327
28756 1916600328
28689 1916600329
24694 1916600330
-28658 1916600331
-28567 1916600332
-32673 1916600333
-32732 1916600334
-28515 1916600335
-28558 1916600336
28747 1916600337
-32600 1916600338
-32595 1916600339
28734 1916600340
-28598 1916600341
-28634 1916600342
-28595 1916600343
24765 1916600344
-32752 1916600345
28707 1916600346
24663 1916600347
-32714 1916600348
-32594 1916600349
-32695 1916600350
24587 1916600351
-28574 1916600352
24730 1916600353
28844 1916600354
24755 1916600355
24771 1916600356
-32574 1916600357
-28514 1916600358
-28484 1916600359
24735 1916600360
-32589 1916600361
28693 1916600362
24666 1916600363
24659 1916600364
24690 1916600365
-32731 1916600366
-28611 1916600367
Q 29 0x194AEBF4 48
10941 3958636544
6242 3958636545
18294 3958636546
15339 3958636547
-2957 3958636548
1811 3958636549
13827 3958636550
6860 3958636551
601 3958636552
-9805 3958636553
17829 3958636554
19621 3958636555
19902 3958636556
11458 3958636557
8522 3958636558
15983 3958636559
-9729 3958636560
17432 3958636561
-2335 3958636562
-19983 3958636563
-16345 3958636564
-12312 3958636565
17388 3958636566
17951 3958636567
-19505 3958636568
5426 3958636569
-16181 3958636570
12618 3958636571
11515 3958636572
-19670 3958636573
2644 3958636574
-19638 3958636575
17314 3958636576
14861 3958636577
-12086 3958636578
-7456 3958636579
10717 3958636580
-18984 3958636581
8974 3958636582
-19116 3958636583
7354 3958636584
-7761 3958636585
4593 3958636586
11449 3958636587
11675 3958636588
-16636 3958636589
-19929 3958636590
-2182 3958636591
Q 30 0x7F8261AF 48
30000 1638858752
-960 1638858753
28800 1638858754
-880 1638858755
27600 1638858756
-800 1638858757
26400 1638858758
-720 1638858759
25200 1638858760
-640 1638858761
24000 1638858762
-560 1638858763
22800 1638858764
-480 1638858765
21600 1638858766
-400 1638858767
20400 1638858768
-320 1638858769
19200 1638858770
-240 1638858771
18000 1638858772
-160 1638858773
16800 1638858774
-80 1638858775
15600 1638858776
0 1638858777
14400 1638858778
80 1638858779
13200 1638858780
160 1638858781
12000 1638858782
240 1638858783
10800 1638858784
320 1638858785
9600 1638858786
400 1638858787
8400 1638858788
480 1638858789
7200 1638858790
560 1638858791
6000 1638858792
640 1638858793
4800 1638858794
720 1638858795
3600 1638858796
800 1638858797
2400 1638858798
880 1638858799
Q 31 0xDDB59F66 48
500 2674262016
500 2674262017
500 2674262018
500 2674262019
500 2674262020
500 2674262021
100 2674262022
100 2674262023
5000 2674262024
100 2674262025
100 2674262026
100 2674262027
100 2674262028
1000 2674262029
500 2674262030
100 2674262031
100 2674262032
1000 2674262033
5000 2674262034
100 2674262035
500 2674262036
100 2674262037
500 2674262038
5000 2674262039
1000 2674262040
5000 2674262041
1000 2674262042
1000 2674262043
5000 2674262044
100 2674262045
500 2674262046
5000 2674262047
5000 2674262048
500 2674262049
500 2674262050
5000 2674262051
1000 2674262052
500 2674262053
1000 2674262054
100 2674262055
100 2674262056
1000 2674262057
500 2674262058
100 2674262059
5000 2674262060
100 2674262061
5000 2674262062
1000 2674262063
Q 32 0x33ED1521 48
24697 354484224
-32709 354484225
-28542 354484226
24628 354484227
-28534 354484228
24755 354484229
28746 354484230
24585 354484231
-32630 354484232
-32706 354484233
-28500 354484234
-28516 354484235
-32745 354484236
28672 354484237
-28498 354484238
-28646 354484239
28838 354484240
-32709 354484241
-28528 354484242
28816 354484243
28784 354484244
24762 354484245
24591 354484246
28841 354484247
24763 354484248
28806 354484249
24696 354484250
-32578 354484251
-28475 354484252
-32634 354484253
-28629 354484254
-32589 354484255
-32723 354484256
24772 354484257
24725 354484258
-28559 354484259
24663 354484260
28678 354484261
28752 354484262
-32734 354484263
-28560 354484264
-28595 354484265
24667 354484266
-32608 354484267
-28599 354484268
-28628 354484269
24640 354484270
28833 354484271
Q 33 0x902492D8 48
-13675 2463629312
19866 2463629313
-11662 2463629314
17216 2463629315
-11126 2463629316
-13082 2463629317
-14044 2463629318
-866 2463629319
-12562 2463629320
18910 2463629321
17653 2463629322
10104 2463629323
-11136 2463629324
-3105 2463629325
9217 2463629326
-8605 2463629327
-506 2463629328
7318 2463629329
-3544 2463629330
18116 2463629331
6745 2463629332
17858 2463629333
11084 2463629334
-15226 2463629335
1389 2463629336
-2103 2463629337
14158 2463629338
10843 2463629339
-15201 2463629340
-1493 2463629341
7263 2463629342
-13833 2463629343
-11921 2463629344
16445 2463629345
16127 2463629346
5724 2463629347
-9847 2463629348
12402 2463629349
3914 2463629350
-1724 2463629351
8251 2463629352
10747 2463629353
-2432 2463629354
-6672 2463629355
6268 2463629356
18427 2463629357
13664 2463629358
-1078 2463629359
Q 34 0xF65C0893 48
30000 143851520
-960 143851521
28800 143851522
-880 143851523
27600 143851524
-800 143851525
26400 143851526
-720 143851527
25200 143851528
-640 143851529
24000 143851530
-560 143851531
22800 143851532
-480 143851533
21600 143851534
-400 143851535
20400 143851536
-320 143851537
19200 143851538
-240 143851539
18000 143851540
-160 143851541
16800 143851542
-80 143851543
15600 143851544
0 143851545
14400 143851546
80 143851547
13200 143851548
160 143851549
12000 143851550
240 143851551
10800 143851552
320 143851553
9600 143851554
400 143851555
8400 143851556
480 143851557
7200 143851558
560 143851559
6000 143851560
640 143851561
4800 143851562
720 143851563
3600 143851564
800 143851565
2400 143851566
880 143851567
Q 35 0x5497864A 48
1000 2252996608
500 2252996609
100 2252996610
100 2252996611
500 2252996612
1000 2252996613
1000 2252996614
500 2252996615
100 2252996616
100 2252996617
1000 2252996618
500 2252996619
100 2252996620
1000 2252996621
100 2252996622
5000 2252996623
1000 2252996624
5000 2252996625
500 2252996626
500 2252996627
500 2252996628
1000 2252996629
500 2252996630
1000 2252996631
1000 2252996632
100 2252996633
100 2252996634
5000 2252996635
1000 2252996636
100 2252996637
1000 2252996638
500 2252996639
100 2252996640
100 2252996641
1000 2252996642
500 2252996643
5000 2252996644
500 2252996645
100 2252996646
5000 2252996647
500 2252996648
1000 2252996649
500 2252996650
5000 2252996651
500 2252996652
100 2252996653
5000 2252996654
100 2252996655
Q 36 0xCACF3C05 48
-28487 1006960640
28733 1006960641
24746 1006960642
-32737 1006960643
-32715 1006960644
-28519 1006960645
24682 1006960646
24756 1006960647
24577 1006960648
24635 1006960649
24594 1006960650
-28664 1006960651
24731 1006960652
24640 1006960653
-28478 1006960654
28769 1006960655
28732 1006960656
24756 1006960657
-32616 1006960658
-32737 1006960659
-32640 1006960660
-28640 1006960661
24723 1006960662
28727 1006960663
-32728 1006960664
-28490 1006960665
28686 1006960666
28760 1006960667
24602 1006960668
-32630 1006960669
-32754 1006960670
-32720 1006960671
-32586 1006960672
-28640 1006960673
-28557 1006960674
-32610 1006960675
-32596 1006960676
24713 1006960677
-32757 1006960678
28813 1006960679
24692 1006960680
28687 1006960681
-32689 1006960682
-28534 1006960683
-32592 1006960684
24638 1006960685
24710 1006960686
-28497 1006960687
Q 37 0x2B06B5BC 48
13058 3048996864
-6543 3048996865
7950 3048996866
-12186 3048996867
-17189 3048996868
-2126 3048996869
-5784 3048996870
-2803 3048996871
-10996 3048996872
6321 3048996873
434 3048996874
19602 3048996875
8731 3048996876
-3440 3048996877
-13894 3048996878
6238 3048996879
-3579 3048996880
977 3048996881
17889 3048996882
11629 3048996883
-9020 3048996884
13990 3048996885
-10173 3048996886
-12794 3048996887
-12251 3048996888
-19640 3048996889
12236 3048996890
-14650 3048996891
-17138 3048996892
-4982 3048996893
15818 3048996894
-8927 3048996895
-12875 3048996896
-12843 3048996897
14140 3048996898
9369 3048996899
-11074 3048996900
-7360 3048996901
-10617 3048996902
6087 3048996903
7649 3048996904
2542 3048996905
-18481 3048996906
-4765 3048996907
-7671 3048996908
-15828 3048996909
2106 3048996910
-14287 3048996911
Q 38 0x893E3377 48
30000 863436800
-960 863436801
28800 863436802
-880 863436803
27600 863436804
-800 863436805
26400 863436806
-720 863436807
25200 863436808
-640 863436809
24000 863436810
-560 863436811
22800 863436812
-480 863436813
21600 863436814
-400 863436815
20400 863436816
-320 863436817
19200 863436818
-240 863436819
18000 863436820
-160 863436821
16800 863436822
-80 863436823
15600 863436824
0 863436825
14400 863436826
80 863436827
13200 863436828
160 863436829
12000 863436830
240 863436831
10800 863436832
320 863436833
9600 863436834
400 863436835
8400 863436836
480 863436837
7200 863436838
560 863436839
6000 863436840
640 863436841
4800 863436842
720 863436843
3600 863436844
800 863436845
2400 863436846
880 863436847
Q 39 0xEF71A92E 48
1000 2838364160
5000 2838364161
5000 2838364162
1000 2838364163
5000 2838364164
5000 2838364165
100 2838364166
100 2838364167
1000 2838364168
500 2838364169
100 2838364170
5000 2838364171
1000 2838364172
500 2838364173
100 2838364174
100 2838364175
500 2838364176
1000 2838364177
500 2838364178
1000 2838364179
1000 2838364180
500 2838364181
5000 2838364182
1000 2838364183
500 2838364184
100 2838364185
5000 2838364186
100 2838364187
1000 2838364188
1000 2838364189
1000 2838364190
100 2838364191
5000 2838364192
1000 2838364193
5000 2838364194
100 2838364195
5000 2838364196
500 2838364197
5000 2838364198
1000 2838364199
500 2838364200
5000 2838364201
1000 2838364202
500 2838364203
500 2838364204
1000 2838364205
5000 2838364206
1000 2838364207
Q 40 0x4DA926E9 48
28865 652804096
-28569 652804097
-32692 652804098
-28669 652804099
-28592 652804100
-32748 652804101
24622 652804102
-32707 652804103
-28584 652804104
-32643 652804105
-32712 652804106
-28594 652804107
24734 652804108
-28595 652804109
24690 652804110
-32570 652804111
24690 652804112
-28587 652804113
28807 652804114
24688 652804115
24616 652804116
28850 652804117
-32702 652804118
28719 652804119
28793 652804120
24597 652804121
-32710 652804122
-32648 652804123
24665 652804124
24761 652804125
24762 652804126
-32676 652804127
-28670 652804128
28847 652804129
24594 652804130
24686 652804131
-28527 652804132
-32591 652804133
-28578 652804134
24749 652804135
-28649 652804136
24620 652804137
28737 652804138
-28508 652804139
28746 652804140
-32598 652804141
-28574 652804142
24768 652804143
Q 41 0xA3E05CA0 48
-1424 1553989632
-2568 1553989633
8531 1553989634
-12545 1553989635
-19578 1553989636
8981 1553989637
5948 1553989638
1687 1553989639
-17941 1553989640
-4646 1553989641
9778 1553989642
10386 1553989643
-9274 1553989644
-16642 1553989645
8777 1553989646
16335 1553989647
-8251 1553989648
-16954 1553989649
-2677 1553989650
-1263 1553989651
3100 1553989652
4726 1553989653
19715 1553989654
-13189 1553989655
309 1553989656
-8257 1553989657
-12050 1553989658
7951 1553989659
-9812 1553989660
-15193 1553989661
-9326 1553989662
7992 1553989663
-15406 1553989664
-11662 1553989665
-16809 1553989666
-10620 1553989667
460 1553989668
-18420 1553989669
16345 1553989670
-11860 1553989671
14919 1553989672
-15051 1553989673
-3404 1553989674
12044 1553989675
-7943 1553989676
1770 1553989677
-15106 1553989678
10468 1553989679
Q 42 0x001BDA5B 48
30000 3663396864
-960 3663396865
28800 3663396866
-880 3663396867
27600 3663396868
-800 3663396869
26400 3663396870
-720 3663396871
25200 3663396872
-640 3663396873
24000 3663396874
-560 3663396875
22800 3663396876
-480 3663396877
21600 3663396878
-400 3663396879
20400 3663396880
-320 3663396881
19200 3663396882
-240 3663396883
18000 3663396884
-160 3663396885
16800 3663396886
-80 3663396887
15600 3663396888
0 3663396889
14400 3663396890
80 3663396891
13200 3663396892
160 3663396893
12000 3663396894
240 3663396895
10800 3663396896
320 3663396897
9600 3663396898
400 3663396899
8400 3663396900
480 3663396901
7200 3663396902
560 3663396903
6000 3663396904
640 3663396905
4800 3663396906
720 3663396907
3600 3663396908
800 3663396909
2400 3663396910
880 3663396911
Q 43 0x66535012 48
1000 1343356928
5000 1343356929
1000 1343356930
100 1343356931
100 1343356932
100 1343356933
100 1343356934
100 1343356935
5000 1343356936
100 1343356937
1000 1343356938
5000 1343356939
500 1343356940
1000 1343356941
5000 1343356942
1000 1343356943
5000 1343356944
5000 1343356945
1000 1343356946
100 1343356947
1000 1343356948
100 1343356949
100 1343356950
100 1343356951
5000 1343356952
100 1343356953
1000 1343356954
1000 1343356955
1000 1343356956
500 1343356957
5000 1343356958
100 1343356959
500 1343356960
1000 1343356961
500 1343356962
500 1343356963
5000 1343356964
500 1343356965
1000 1343356966
1000 1343356967
5000 1343356968
100 1343356969
5000 1343356970
5000 1343356971
100 1343356972
1000 1343356973
500 1343356974
5000 1343356975
Q 44 0xC48AC9CD 48
28809 3385655296
28692 3385655297
24583 3385655298
-32576 3385655299
28775 3385655300
-32574 3385655301
28676 3385655302
-32623 3385655303
-32717 3385655304
-32595 3385655305
28843 3385655306
-28666 3385655307
28739 3385655308
-28621 3385655309
24589 3385655310
24746 3385655311
-28665 3385655312
28862 3385655313
-32705 3385655314
28714 3385655315
-28524 3385655316
24758 3385655317
24749 3385655318
28836 3385655319
-28504 3385655320
28677 3385655321
-28528 3385655322
-28562 3385655323
28847 3385655324
-32737 3385655325
-28566 3385655326
24728 3385655327
-28497 3385655328
28723 3385655329
24635 3385655330
28739 3385655331
-28632 3385655332
-28558 3385655333
28837 3385655334
28795 3385655335
24672 3385655336
28681 3385655337
24692 3385655338
28761 3385655339
28856 3385655340
28827 3385655341
-28617 3385655342
28778 3385655343
Q 45 0x3AC24784 48
17668 1199833088
16982 1199833089
-19929 1199833090
5184 1199833091
-3694 1199833092
-15535 1199833093
-16759 1199833094
-16485 1199833095
17444 1199833096
9867 1199833097
5947 1199833098
7474 1199833099
-428 1199833100
-10185 1199833101
8539 1199833102
-5149 1199833103
17398 1199833104
15897 1199833105
-15123 1199833106
4645 1199833107
16840 1199833108
-3439 1199833109
13281 1199833110
11496 1199833111
-13065 1199833112
-16569 1199833113
-8209 1199833114
-4146 1199833115
-18974 1199833116
16177 1199833117
-12755 1199833118
7331 1199833119
2634 1199833120
5370 1199833121
-14324 1199833122
5081 1199833123
1700 1199833124
-18991 1199833125
-1523 1199833126
-11517 1199833127
-6768 1199833128
15699 1199833129
16978 1199833130
11180 1199833131
-12015 1199833132
15697 1199833133
-3757 1199833134
-6163 1199833135
Q 46 0x98F5FD3F 48
30000 4248764416
-960 4248764417
28800 4248764418
-880 4248764419
27600 4248764420
-800 4248764421
26400 4248764422
-720 4248764423
25200 4248764424
-640 4248764425
24000 4248764426
-560 4248764427
22800 4248764428
-480 4248764429
21600 4248764430
-400 4248764431
20400 4248764432
-320 4248764433
19200 4248764434
-240 4248764435
18000 4248764436
-160 4248764437
16800 4248764438
-80 4248764439
15600 4248764440
0 4248764441
14400 4248764442
80 4248764443
13200 4248764444
160 4248764445
12000 4248764446
240 4248764447
10800 4248764448
320 4248764449
9600 4248764450
400 4248764451
8400 4248764452
480 4248764453
7200 4248764454
560 4248764455
6000 4248764456
640 4248764457
4800 4248764458
720 4248764459
3600 4248764460
800 4248764461
2400 4248764462
880 4248764463
Q 47 0xF92D7AF6 48
100 2062942208
5000 2062942209
5000 2062942210
100 2062942211
100 2062942212
5000 2062942213
100 2062942214
500 2062942215
100 2062942216
1000 2062942217
1000 2062942218
100 2062942219
1000 2062942220
500 2062942221
100 2062942222
1000 2062942223
500 2062942224
1000 2062942225
100 2062942226
100 2062942227
1000 2062942228
1000 2062942229
100 2062942230
1000 2062942231
100 2062942232
5000 2062942233
100 2062942234
1000 2062942235
500 2062942236
1000 2062942237
5000 2062942238
100 2062942239
1000 2062942240
500 2062942241
1000 2062942242
1000 2062942243
1000 2062942244
500 2062942245
100 2062942246
500 2062942247
500 2062942248
100 2062942249
500 2062942250
500 2062942251
100 2062942252
5000 2062942253
5000 2062942254
100 2062942255
Q 48 0x5F64F0B1 48
24776 4038131712
-28533 4038131713
24628 4038131714
24752 4038131715
-32718 4038131716
-32596 4038131717
-28632 4038131718
24649 4038131719
-28500 4038131720
-28631 4038131721
-32682 4038131722
24593 4038131723
-28514 4038131724
28823 4038131725
-28628 4038131726
-32696 4038131727
-32740 4038131728
-28649 4038131729
-32592 4038131730
-28615 4038131731
-32749 4038131732
-32584 4038131733
24695 4038131734
28743 4038131735
-32606 4038131736
28699 4038131737
-32576 4038131738
-28556 4038131739
-32667 4038131740
24722 4038131741
-28564 4038131742
-32708 4038131743
-28603 4038131744
-32587 4038131745
24708 4038131746
28827 4038131747
28776 4038131748
-32658 4038131749
28760 4038131750
-32635 4038131751
28698 4038131752
-32648 4038131753
-32648 4038131754
-28579 4038131755
28782 4038131756
24681 4038131757
-32607 4038131758
24635 4038131759
Q 49 0xBD9C6E68 48
9578 1852309504
11297 1852309505
-14328 1852309506
-8626 1852309507
12351 1852309508
-14906 1852309509
2495 1852309510
13980 1852309511
-14155 1852309512
-19815 1852309513
17007 1852309514
-12534 1852309515
-9358 1852309516
11442 1852309517
-11837 1852309518
15650 1852309519
10776 1852309520
5308 1852309521
5583 1852309522
17652 1852309523
-3188 1852309524
1219 1852309525
-19495 1852309526
-5476 1852309527
10343 1852309528
-17023 1852309529
12351 1852309530
8654 1852309531
-19226 1852309532
-6455 1852309533
-10181 1852309534
17375 1852309535
-3975 1852309536
-3052 1852309537
13816 1852309538
18611 1852309539
-12881 1852309540
-864 1852309541
-17235 1852309542
-6757 1852309543
-1102 1852309544
-8320 1852309545
8261 1852309546
4045 1852309547
3706 1852309548
12356 1852309549
18740 1852309550
-710 1852309551
Q 50 0x13D7E423 48
30000 3827499008
-960 3827499009
28800 3827499010
-880 3827499011
27600 3827499012
-800 3827499013
26400 3827499014
-720 3827499015
25200 3827499016
-640 3827499017
24000 3827499018
-560 3827499019
22800 3827499020
-480 3827499021
21600 3827499022
-400 3827499023
20400 3827499024
-320 3827499025
19200 3827499026
-240 3827499027
18000 3827499028
-160 3827499029
16800 3827499030
-80 3827499031
15600 3827499032
0 3827499033
14400 3827499034
80 3827499035
13200 3827499036
160 3827499037
12000 3827499038
240 3827499039
10800 3827499040
320 3827499041
9600 3827499042
400 3827499043
8400 3827499044
480 3827499045
7200 3827499046
560 3827499047
6000 3827499048
640 3827499049
4800 3827499050
720 3827499051
3600 3827499052
800 3827499053
2400 3827499054
880 3827499055
Q 51 0x700F1DDA 48
5000 500826112
100 500826113
5000 500826114
1000 500826115
100 500826116
5000 500826117
5000 500826118
500 500826119
1000 500826120
5000 500826121
100 500826122
1000 500826123
1000 500826124
100 500826125
100 500826126
1000 500826127
500 500826128
1000 500826129
1000 500826130
500 500826131
5000 500826132
100 500826133
100 500826134
5000 500826135
100 500826136
1000 500826137
1000 500826138
1000 500826139
1000 500826140
500 500826141
500 500826142
5000 500826143
1000 500826144
1000 500826145
1000 500826146
5000 500826147
5000 500826148
5000 500826149
500 500826150
100 500826151
5000 500826152
1000 500826153
100 500826154
100 500826155
500 500826156
100 500826157
5000 500826158
1000 500826159
Q 52 0xD6469B95 48
-28669 2610233344
28825 2610233345
-28551 2610233346
-28626 2610233347
-32647 2610233348
28796 2610233349
-32750 2610233350
-28549 2610233351
-28550 2610233352
-32768 2610233353
-28475 2610233354
28820 2610233355
-28515 2610233356
-28624 2610233357
-32744 2610233358
-28666 2610233359
24739 2610233360
24764 2610233361
24715 2610233362
24769 2610233363
28792 2610233364
-32573 2610233365
24678 2610233366
28791 2610233367
-28548 2610233368
24613 2610233369
-28573 2610233370
-32641 2610233371
-28479 2610233372
28840 2610233373
28844 2610233374
-28629 2610233375
-32660 2610233376
-28589 2610233377
24658 2610233378
-32651 2610233379
-28671 2610233380
-28596 2610233381
-28598 2610233382
-32589 2610233383
28753 2610233384
24764 2610233385
-28503 2610233386
24596 2610233387
24726 2610233388
24664 2610233389
-32724 2610233390
-28611 2610233391
Q 53 0x347E114C 48
18573 290193408
18790 290193409
-5873 290193410
-14526 290193411
-15917 290193412
13027 290193413
-7681 290193414
10879 290193415
-8980 290193416
-2783 290193417
9064 290193418
-12594 290193419
-19000 290193420
-11469 290193421
-13979 290193422
-13550 290193423
-16995 290193424
4150 290193425
-8170 290193426
-13764 290193427
8616 290193428
8155 290193429
19480 290193430
-4279 290193431
16531 290193432
11268 290193433
13842 290193434
2053 290193435
12795 290193436
-3077 290193437
14908 290193438
-9181 290193439
18399 290193440
391 290193441
11890 290193442
7228 290193443
19891 290193444
12674 290193445
5777 290193446
8092 290193447
5847 290193448
-1715 290193449
-6431 290193450
10294 290193451
-15392 290193452
9146 290193453
13638 290193454
298 290193455
Q 54 0xAAB18F07 48
30000 2399600640
-960 2399600641
28800 2399600642
-880 2399600643
27600 2399600644
-800 2399600645
26400 2399600646
-720 2399600647
25200 2399600648
-640 2399600649
24000 2399600650
-560 2399600651
22800 2399600652
-480 2399600653
21600 2399600654
-400 2399600655
20400 2399600656
-320 2399600657
19200 2399600658
-240 2399600659
18000 2399600660
-160 2399600661
16800 2399600662
-80 2399600663
15600 2399600664
0 2399600665
14400 2399600666
80 2399600667
13200 2399600668
160 2399600669
12000 2399600670
240 2399600671
10800 2399600672
320 2399600673
9600 2399600674
400 2399600675
8400 2399600676
480 2399600677
7200 2399600678
560 2399600679
6000 2399600680
640 2399600681
4800 2399600682
720 2399600683
3600 2399600684
800 2399600685
2400 2399600686
880 2399600687
Q 55 0x08E904BE 48
500 79560704
500 79560705
500 79560706
500 79560707
500 79560708
5000 79560709
100 79560710
5000 79560711
1000 79560712
100 79560713
500 79560714
5000 79560715
5000 79560716
100 79560717
1000 79560718
500 79560719
5000 79560720
1000 79560721
5000 79560722
5000 79560723
5000 79560724
100 79560725
100 79560726
1000 79560727
500 79560728
5000 79560729
500 79560730
1000 79560731
1000 79560732
100 79560733
1000 79560734
100 79560735
5000 79560736
100 79560737
1000 79560738
5000 79560739
100 79560740
1000 79560741
500 79560742
5000 79560743
1000 79560744
1000 79560745
500 79560746
1000 79560747
5000 79560748
100 79560749
500 79560750
1000 79560751
Q 56 0x69208279 48
-32683 2188967936
28816 2188967937
28773 2188967938
28729 2188967939
24609 2188967940
24684 2188967941
-28630 2188967942
-32722 2188967943
28728 2188967944
24657 2188967945
24589 2188967946
24627 2188967947
-32731 2188967948
24640 2188967949
24640 2188967950
-32742 2188967951
28783 2188967952
28847 2188967953
28849 2188967954
-32717 2188967955
-28494 2188967956
-28473 2188967957
-32633 2188967958
-32576 2188967959
28717 2188967960
24655 2188967961
-28644 2188967962
24631 2188967963
-28561 2188967964
24760 2188967965
-32612 2188967966
-32727 2188967967
-28594 2188967968
-32574 2188967969
24684 2188967970
-28603 2188967971
24609 2188967972
-28583 2188967973
-28644 2188967974
-32656 2188967975
-32570 2188967976
28741 2188967977
-32631 2188967978
-28562 2188967979
24691 2188967980
-32738 2188967981
24638 2188967982
-28543 2188967983
Q 57 0xCF583830 48
13000 942669824
19410 942669825
14869 942669826
14984 942669827
6354 942669828
18465 942669829
-1836 942669830
-16042 942669831
19661 942669832
9603 942669833
-191 942669834
11640 942669835
-13583 942669836
2060 942669837
6232 942669838
-10785 942669839
3840 942669840
-9984 942669841
-10755 942669842
-9287 942669843
-8333 942669844
9497 942669845
-16445 942669846
19807 942669847
6697 942669848
18311 942669849
779 942669850
-4221 942669851
18828 942669852
14401 942669853
-1082 942669854
-19412 942669855
-17975 942669856
9314 942669857
15520 942669858
-18201 942669859
11036 942669860
-14490 942669861
7493 942669862
16406 942669863
17773 942669864
9678 942669865
-9220 942669866
15708 942669867
-19974 942669868
-19726 942669869
10611 942669870
-2545 942669871
Q 58 0x2D93B1EB 48
30000 2984968192
-960 2984968193
28800 2984968194
-880 2984968195
27600 2984968196
-800 2984968197
26400 2984968198
-720 2984968199
25200 2984968200
-640 2984968201
24000 2984968202
-560 2984968203
22800 2984968204
-480 2984968205
21600 2984968206
-400 2984968207
20400 2984968208
-320 2984968209
19200 2984968210
-240 2984968211
18000 2984968212
-160 2984968213
16800 2984968214
-80 2984968215
15600 2984968216
0 2984968217
14400 2984968218
80 2984968219
13200 2984968220
160 2984968221
12000 2984968222
240 2984968223
10800 2984968224
320 2984968225
9600 2984968226
400 2984968227
8400 2984968228
480 2984968229
7200 2984968230
560 2984968231
6000 2984968232
640 2984968233
4800 2984968234
720 2984968235
3600 2984968236
800 2984968237
2400 2984968238
880 2984968239
Q 59 0x83CB2FA2 48
5000 799145984
1000 799145985
500 799145986
1000 799145987
1000 799145988
1000 799145989
5000 799145990
100 799145991
5000 799145992
100 799145993
5000 799145994
5000 799145995
5000 799145996
1000 799145997
500 799145998
100 799145999
500 799146000
1000 799146001
500 799146002
1000 799146003
5000 799146004
5000 799146005
5000 799146006
1000 799146007
1000 799146008
1000 799146009
100 799146010
1000 799146011
500 799146012
500 799146013
100 799146014
1000 799146015
500 799146016
1000 799146017
5000 799146018
1000 799146019
500 799146020
100 799146021
5000 799146022
500 799146023
5000 799146024
100 799146025
100 799146026
500 799146027
500 799146028
500 799146029
1000 799146030
100 799146031
Q 60 0xE002A55D 48
-28644 2774335488
-32589 2774335489
-32759 2774335490
24712 2774335491
-32677 2774335492
24766 2774335493
-32585 2774335494
24671 2774335495
-32760 2774335496
24620 2774335497
-32619 2774335498
-28473 2774335499
24677 2774335500
28725 2774335501
-28672 2774335502
-32586 2774335503
28691 2774335504
24628 2774335505
-28577 2774335506
24696 2774335507
-28623 2774335508
-28665 2774335509
-32748 2774335510
-28582 2774335511
24685 2774335512
-28577 2774335513
28741 2774335514
-28567 2774335515
28716 2774335516
-28666 2774335517
28815 2774335518
-32625 2774335519
24624 2774335520
28768 2774335521
-32693 2774335522
-32587 2774335523
-28630 2774335524
-28489 2774335525
28807 2774335526
-32647 2774335527
28853 2774335528
28725 2774335529
28697 2774335530
24614 2774335531
24644 2774335532
24601 2774335533
-32612 2774335534
24689 2774335535
Q 61 0x463A2314 48
-11243 588513280
-19827 588513281
-15345 588513282
8947 588513283
-3056 588513284
-11106 588513285
9792 588513286
-14396 588513287
-17195 588513288
1870 588513289
15011 588513290
-16440 588513291
-16107 588513292
-4464 588513293
-16682 588513294
12740 588513295
5046 588513296
-18459 588513297
-6148 588513298
-13238 588513299
16619 588513300
-16879 588513301
-15609 588513302
8786 588513303
18697 588513304
10790 588513305
-6269 588513306
19291 588513307
10733 588513308
-12022 588513309
14039 588513310
-354 588513311
4137 588513312
-11305 588513313
-17709 588513314
16134 588513315
-2583 588513316
1781 588513317
9252 588513318
11921 588513319
3879 588513320
-4585 588513321
-12975 588513322
-7202 588513323
-7678 588513324
9725 588513325
16492 588513326
10601 588513327
Q 62 0xA46D58CF 48
30000 1489960960
-960 1489960961
28800 1489960962
-880 1489960963
27600 1489960964
-800 1489960965
26400 1489960966
-720 1489960967
25200 1489960968
-640 1489960969
24000 1489960970
-560 1489960971
22800 1489960972
-480 1489960973
21600 1489960974
-400 1489960975
20400 1489960976
-320 1489960977
19200 1489960978
-240 1489960979
18000 1489960980
-160 1489960981
16800 1489960982
-80 1489960983
15600 1489960984
0 1489960985
14400 1489960986
80 1489960987
13200 1489960988
160 1489960989
12000 1489960990
240 1489960991
10800 1489960992
320 1489960993
9600 1489960994
400 1489960995
8400 1489960996
480 1489960997
7200 1489960998
560 1489960999
6000 1489961000
640 1489961001
4800 1489961002
720 1489961003
3600 1489961004
800 1489961005
2400 1489961006
880 1489961007
Q 63 0x1AA4D686 48
500 3599106048
100 3599106049
500 3599106050
1000 3599106051
1000 3599106052
1000 3599106053
5000 3599106054
1000 3599106055
1000 3599106056
500 3599106057
1000 3599106058
100 3599106059
500 3599106060
1000 3599106061
5000 3599106062
5000 3599106063
1000 3599106064
5000 3599106065
100 3599106066
100 3599106067
100 3599106068
100 3599106069
100 3599106070
1000 3599106071
1000 3599106072
1000 3599106073
5000 3599106074
100 3599106075
500 3599106076
1000 3599106077
100 3599106078
100 3599106079
1000 3599106080
500 3599106081
1000 3599106082
100 3599106083
1000 3599106084
500 3599106085
5000 3599106086
5000 3599106087
500 3599106088
5000 3599106089
1000 3599106090
1000 3599106091
1000 3599106092
1000 3599106093
5000 3599106094
1000 3599106095
